UNKNOWN
version=1
nRows=100
nColumns=52
inDegrees=no
endheader
time	elv_angle	ANC	APL	BIClong	BICshort	BRA	BRD	CORB	DELT1	DELT2	DELT3	ECRB	ECRL	ECU	EDCI	EDCL	EDCM	EDCR	EDM	EIP	EPB	EPL	FCR	FCU	FDPI	FDPL	FDPM	FDPR	FDSI	FDSL	FDSM	FDSR	FPL	INFSP	LAT1	LAT2	LAT3	PECM1	PECM2	PECM3	PL	PQ	PT	SUBSC	SUP	SUPSP	TMAJ	TMIN	TRIlat	TRIlong	TRImed
      0.00000000	    -90.00000018	      0.00350486	      0.06666161	      0.17110312	      0.21296712	      0.09072633	      0.19503137	      0.12163389	      0.15833181	      0.09185669	      0.06275517	      0.05739210	      0.08251990	      0.05507007	      0.05698303	      0.06408346	      0.06303047	      0.05043992	      0.06209895	      0.05972867	      0.06428054	      0.05550584	      0.06070605	      0.04113306	      0.06599153	      0.06665474	      0.06653758	      0.07028198	      0.07750712	      0.04229977	      0.06486173	      0.06426226	      0.05399008	      0.08533513	      0.19585537	      0.17746914	      0.26263446	      0.14446116	      0.14801027	      0.13296317	      0.05978440	      0.02647197	      0.05791242	      0.06618152	      0.03250367	      0.08890636	      0.15907280	      0.05063472	      0.06897315	      0.12844259	      0.06449434
      1.00000000	    -87.77777796	      0.00350486	      0.06666161	      0.17143131	      0.21334086	      0.09072633	      0.19503137	      0.12213376	      0.16175972	      0.09094981	      0.06231664	      0.05739210	      0.08251990	      0.05507007	      0.05698303	      0.06408346	      0.06303047	      0.05043992	      0.06209895	      0.05972867	      0.06428054	      0.05550584	      0.06070605	      0.04113306	      0.06599153	      0.06665474	      0.06653758	      0.07028198	      0.07750712	      0.04229977	      0.06486173	      0.06426226	      0.05399008	      0.08660456	      0.19608594	      0.17754544	      0.26265027	      0.14550710	      0.14870230	      0.13346915	      0.05978440	      0.02647197	      0.05791242	      0.06548747	      0.03250367	      0.08933412	      0.15952537	      0.05160392	      0.06897315	      0.12887035	      0.06449434
      2.00000000	    -85.55555573	      0.00350486	      0.06666161	      0.17179409	      0.21368959	      0.09072633	      0.19503137	      0.12259551	      0.14098956	      0.09003154	      0.06206141	      0.05739210	      0.08251990	      0.05507007	      0.05698303	      0.06408346	      0.06303047	      0.05043992	      0.06209895	      0.05972867	      0.06428054	      0.05550584	      0.06070605	      0.04113306	      0.06599153	      0.06665474	      0.06653758	      0.07028198	      0.07750712	      0.04229977	      0.06486173	      0.06426226	      0.05399008	      0.08787592	      0.19634285	      0.17764293	      0.26267551	      0.14649651	      0.14935326	      0.13393232	      0.05978440	      0.02647197	      0.05791242	      0.06483488	      0.03250367	      0.08973168	      0.16000104	      0.05258338	      0.06897315	      0.12930811	      0.06449434
      3.00000000	    -83.33333351	      0.00350486	      0.06666161	      0.17219037	      0.21401308	      0.09072633	      0.19503137	      0.12301851	      0.14158800	      0.08910357	      0.06199200	      0.05739210	      0.08251990	      0.05507007	      0.05698303	      0.06408346	      0.06303047	      0.05043992	      0.06209895	      0.05972867	      0.06428054	      0.05550584	      0.06070605	      0.04113306	      0.06599153	      0.06665474	      0.06653758	      0.07028198	      0.07750712	      0.04229977	      0.06486173	      0.06426226	      0.05399008	      0.08914617	      0.19662614	      0.17776218	      0.26271065	      0.14742782	      0.14996000	      0.13435160	      0.05978440	      0.02647197	      0.05791242	      0.06422655	      0.03250367	      0.09009230	      0.16049932	      0.05356957	      0.06897315	      0.12975539	      0.06449434
      4.00000000	    -81.11111128	      0.00350486	      0.06666161	      0.17261898	      0.21431138	      0.09072633	      0.19503137	      0.12340345	      0.14214665	      0.08816765	      0.06210711	      0.05739210	      0.08251990	      0.05507007	      0.05698303	      0.06408346	      0.06303047	      0.05043992	      0.06209895	      0.05972867	      0.06428054	      0.05550584	      0.06070605	      0.04113306	      0.06599153	      0.06665474	      0.06653758	      0.07028198	      0.07750712	      0.04229977	      0.06486173	      0.06426226	      0.05399008	      0.09041347	      0.19693574	      0.17790362	      0.26275622	      0.14829961	      0.15051928	      0.13472602	      0.05978440	      0.02647197	      0.05791242	      0.06366506	      0.03250367	      0.09040731	      0.16101961	      0.05455916	      0.06897315	      0.13021177	      0.06449434
      5.00000000	    -78.88888906	      0.00350486	      0.06666161	      0.17307928	      0.21458425	      0.09072633	      0.19503137	      0.12375222	      0.14266724	      0.08722557	      0.06240173	      0.05739210	      0.08251990	      0.05507007	      0.05698303	      0.06408346	      0.06303047	      0.05043992	      0.06209895	      0.05972867	      0.06428054	      0.05550584	      0.06070605	      0.04113306	      0.06599153	      0.06665474	      0.06653758	      0.07028198	      0.07750712	      0.04229977	      0.06486173	      0.06426226	      0.05399008	      0.09167471	      0.19727147	      0.17806770	      0.26281267	      0.14912804	      0.15102781	      0.13505467	      0.05978440	      0.02647197	      0.05791242	      0.06315273	      0.03250367	      0.09066825	      0.16156129	      0.05554864	      0.06897315	      0.13067698	      0.06449434
      6.00000000	    -76.66666683	      0.00350486	      0.06666161	      0.17356963	      0.21483140	      0.09072633	      0.19503137	      0.12406348	      0.14315132	      0.08627912	      0.06286750	      0.05739210	      0.08251990	      0.05507007	      0.05698303	      0.06408346	      0.06303047	      0.05043992	      0.06209895	      0.05972867	      0.06428054	      0.05550584	      0.06070605	      0.04113306	      0.06599153	      0.06665474	      0.06653758	      0.07028198	      0.07750712	      0.04229977	      0.06486173	      0.06426226	      0.05399008	      0.09292788	      0.19763309	      0.17825472	      0.26288048	      0.14993381	      0.15148230	      0.13533679	      0.05978440	      0.02647197	      0.05791242	      0.06269152	      0.03250367	      0.09086492	      0.16212372	      0.07825281	      0.06897315	      0.13115075	      0.06449434
      7.00000000	    -74.44444461	      0.00350486	      0.06666161	      0.17408924	      0.21505254	      0.09072633	      0.19503137	      0.12433578	      0.14360038	      0.08533011	      0.06349343	      0.05739210	      0.08251990	      0.05507007	      0.05698303	      0.06408346	      0.06303047	      0.05043992	      0.06209895	      0.05972867	      0.06428054	      0.05550584	      0.06070605	      0.04113306	      0.06599153	      0.06665474	      0.06653758	      0.07028198	      0.07750712	      0.04229977	      0.06486173	      0.06426226	      0.05399008	      0.09417201	      0.19802023	      0.17846498	      0.22098373	      0.15071366	      0.15187955	      0.13557175	      0.05978440	      0.02647197	      0.05791242	      0.06228295	      0.03250367	      0.09098746	      0.16270613	      0.07830820	      0.06897315	      0.13163292	      0.06449434
      8.00000000	    -72.22222238	      0.00350486	      0.06666161	      0.17463701	      0.21524742	      0.09072633	      0.19503137	      0.12456777	      0.14363775	      0.08438038	      0.06426669	      0.05739210	      0.08251990	      0.05507007	      0.05698303	      0.06408346	      0.06303047	      0.05043992	      0.06209895	      0.05972867	      0.06428054	      0.05550584	      0.06070605	      0.04113306	      0.06599153	      0.06665474	      0.06653758	      0.07028198	      0.07750712	      0.04229977	      0.06486173	      0.06426226	      0.05399008	      0.09540528	      0.19843245	      0.17869869	      0.22084180	      0.15146238	      0.15221646	      0.13575906	      0.05978440	      0.02647197	      0.05791242	      0.06192806	      0.03250367	      0.09102587	      0.16330781	      0.07836847	      0.06897315	      0.13212340	      0.06449434
      9.00000000	    -70.00000015	      0.00350486	      0.06666161	      0.17521156	      0.21541581	      0.09072633	      0.19503137	      0.12475819	      0.14339812	      0.08343171	      0.09063522	      0.05739210	      0.08251990	      0.05507007	      0.05698303	      0.06408346	      0.06303047	      0.05043992	      0.06209895	      0.05972867	      0.06428054	      0.05550584	      0.06070605	      0.04113306	      0.06599153	      0.06665474	      0.06653758	      0.07028198	      0.07750712	      0.04229977	      0.06486173	      0.06426226	      0.05399008	      0.09662519	      0.19886921	      0.17895599	      0.26315638	      0.15217451	      0.15249018	      0.13589821	      0.05978440	      0.02647197	      0.05791242	      0.06162727	      0.03250367	      0.09097093	      0.16392802	      0.07843168	      0.06897315	      0.13262215	      0.06449434
     10.00000000	    -67.77777793	      0.00350486	      0.06666161	      0.17581208	      0.21555748	      0.09072633	      0.19503137	      0.12490592	      0.14312534	      0.08248592	      0.08903076	      0.05739210	      0.08251990	      0.05507007	      0.05698303	      0.06408346	      0.06303047	      0.05043992	      0.06209895	      0.05972867	      0.06428054	      0.05550584	      0.06070605	      0.04113306	      0.06599153	      0.06665474	      0.06653758	      0.07028198	      0.07750712	      0.04229977	      0.06486173	      0.06426226	      0.05399008	      0.09782996	      0.19932995	      0.17923698	      0.26327382	      0.15284491	      0.15269816	      0.13598894	      0.05978440	      0.02647197	      0.05791242	      0.06138038	      0.03250367	      0.09081530	      0.16456591	      0.07849628	      0.06897315	      0.13312925	      0.06449434
     11.00000000	    -65.55555570	      0.00350486	      0.06666161	      0.17643686	      0.21567224	      0.09072633	      0.19503137	      0.12501003	      0.14281892	      0.08154478	      0.08324827	      0.05739210	      0.08251990	      0.05507007	      0.05698303	      0.06408346	      0.06303047	      0.05043992	      0.06209895	      0.05972867	      0.06428054	      0.05550584	      0.06070605	      0.04113306	      0.06599153	      0.06665474	      0.06653758	      0.07028198	      0.07750712	      0.04229977	      0.06486173	      0.06426226	      0.05399008	      0.09901674	      0.19981393	      0.17954165	      0.26340460	      0.15346626	      0.15283829	      0.13603111	      0.05978440	      0.02647197	      0.05791242	      0.06118655	      0.03250367	      0.09055324	      0.16522066	      0.07856106	      0.06897315	      0.13364467	      0.06449434
     12.00000000	    -63.33333348	      0.00350486	      0.06666161	      0.17708518	      0.21575988	      0.09072633	      0.19503137	      0.12506978	      0.14247816	      0.08061004	      0.08283248	      0.05739210	      0.08251990	      0.05507007	      0.05698303	      0.06408346	      0.06303047	      0.05043992	      0.06209895	      0.05972867	      0.06428054	      0.05550584	      0.06070605	      0.04113306	      0.06599153	      0.06665474	      0.06653758	      0.07028198	      0.07750712	      0.04229977	      0.06486173	      0.06426226	      0.05399008	      0.10018298	      0.20032040	      0.17986993	      0.26354904	      0.15403184	      0.15290894	      0.13602471	      0.05978440	      0.02647197	      0.05791242	      0.06104422	      0.03250367	      0.09018248	      0.16589141	      0.07862431	      0.06897315	      0.13416864	      0.06449434
     13.00000000	    -61.11111125	      0.00350486	      0.06666161	      0.17775584	      0.21582023	      0.09072633	      0.19503137	      0.12508468	      0.14210224	      0.07968341	      0.08275236	      0.05739210	      0.08251990	      0.05507007	      0.05698303	      0.06408346	      0.06303047	      0.05043992	      0.06209895	      0.05972867	      0.06428054	      0.05550584	      0.06070605	      0.04113306	      0.06599153	      0.06665474	      0.06653758	      0.07028198	      0.07750712	      0.04229977	      0.06486173	      0.06426226	      0.05399008	      0.10132298	      0.20084855	      0.18022168	      0.26370745	      0.15453233	      0.15290911	      0.13596982	      0.05978440	      0.02647197	      0.05791242	      0.06095123	      0.03250367	      0.08970439	      0.16657729	      0.07868469	      0.06897315	      0.13470132	      0.06449434
     14.00000000	    -58.88888903	      0.00350486	      0.06666161	      0.17844813	      0.21585310	      0.09072633	      0.19503137	      0.12505452	      0.14169006	      0.07876660	      0.08288002	      0.05739210	      0.08251990	      0.05507007	      0.05698303	      0.06408346	      0.06303047	      0.05043992	      0.06209895	      0.05972867	      0.06428054	      0.05550584	      0.06070605	      0.04113306	      0.06599153	      0.06665474	      0.06653758	      0.07028198	      0.07750712	      0.04229977	      0.06486173	      0.06426226	      0.05399008	      0.10260814	      0.20139748	      0.18059669	      0.26388008	      0.15495861	      0.15283847	      0.13586678	      0.05978440	      0.02647197	      0.05791242	      0.06090482	      0.03250367	      0.08912237	      0.16727736	      0.07874097	      0.06897315	      0.13524284	      0.06449434
     15.00000000	    -56.66666680	      0.00350486	      0.06666161	      0.17916322	      0.21585834	      0.09072633	      0.19503137	      0.12497937	      0.14124046	      0.07786117	      0.08318825	      0.05739210	      0.08251990	      0.05507007	      0.05698303	      0.06408346	      0.06303047	      0.05043992	      0.06209895	      0.05972867	      0.06428054	      0.05550584	      0.06070605	      0.04113306	      0.06599153	      0.06665474	      0.06653758	      0.07028198	      0.07750712	      0.04229977	      0.06486173	      0.06426226	      0.05399008	      0.10275084	      0.20196626	      0.18099471	      0.26406716	      0.15529842	      0.15269740	      0.13586083	      0.05978440	      0.02647197	      0.05791242	      0.06090171	      0.03250367	      0.08844226	      0.16799070	      0.07879204	      0.06897315	      0.13579350	      0.06449434
     16.00000000	    -54.44444458	      0.00350486	      0.06666161	      0.17990378	      0.21583577	      0.09072633	      0.19503137	      0.12485960	      0.14075223	      0.07696871	      0.08365649	      0.05739210	      0.08251990	      0.05507007	      0.05698303	      0.06408346	      0.06303047	      0.05043992	      0.06209895	      0.05972867	      0.06428054	      0.05550584	      0.06070605	      0.04113306	      0.06599153	      0.06665474	      0.06653758	      0.07028198	      0.07750712	      0.04229977	      0.06486173	      0.06426226	      0.05399008	      0.10264739	      0.20255388	      0.18141535	      0.26426890	      0.15553850	      0.15248703	      0.13566133	      0.05978440	      0.02647197	      0.05791242	      0.06093826	      0.03250367	      0.08767108	      0.16871637	      0.07883669	      0.06897315	      0.13635352	      0.06449434
     17.00000000	    -52.22222235	      0.00350486	      0.06666161	      0.18067857	      0.21578526	      0.09072633	      0.19503137	      0.12469590	      0.14022419	      0.07609072	      0.08426567	      0.05739210	      0.08251990	      0.05507007	      0.05698303	      0.06408346	      0.06303047	      0.05043992	      0.06209895	      0.05972867	      0.06428054	      0.05550584	      0.06070605	      0.04113306	      0.06599153	      0.06665474	      0.06653758	      0.07028198	      0.07750712	      0.04229977	      0.06486173	      0.06426226	      0.05399008	      0.10238726	      0.20315928	      0.18185824	      0.26448546	      0.15566325	      0.15220923	      0.13541447	      0.05978440	      0.02647197	      0.05791242	      0.06101051	      0.03250367	      0.08681735	      0.16945343	      0.07887392	      0.06897315	      0.13692314	      0.06449434
     18.00000000	    -50.00000013	      0.00350486	      0.06666161	      0.18161849	      0.21570665	      0.09072633	      0.19503137	      0.12448926	      0.13965517	      0.07522856	      0.08499992	      0.05739210	      0.08251990	      0.05507007	      0.05698303	      0.06408346	      0.06303047	      0.05043992	      0.06209895	      0.05972867	      0.06428054	      0.05550584	      0.06070605	      0.04113306	      0.06599153	      0.06665474	      0.06653758	      0.07028198	      0.07750712	      0.04229977	      0.06486173	      0.06426226	      0.05399008	      0.10201161	      0.20378139	      0.18232286	      0.26471695	      0.15565657	      0.15186652	      0.13512136	      0.05978440	      0.02647197	      0.05791242	      0.06111435	      0.03250367	      0.08588888	      0.17020092	      0.07890288	      0.06897315	      0.13750263	      0.06449434
     19.00000000	    -47.77777790	      0.00350486	      0.06666161	      0.18156658	      0.21559980	      0.09072633	      0.19503137	      0.12424096	      0.13904425	      0.07438358	      0.08584202	      0.05739210	      0.08251990	      0.05507007	      0.05698303	      0.06408346	      0.06303047	      0.05043992	      0.06209895	      0.05972867	      0.06428054	      0.05550584	      0.06070605	      0.04113306	      0.06599153	      0.06665474	      0.06653758	      0.07028198	      0.07750712	      0.04229977	      0.06486173	      0.06426226	      0.05399008	      0.10154394	      0.20441907	      0.18280868	      0.26496348	      0.15550803	      0.15146209	      0.13478317	      0.05978440	      0.02647197	      0.05791242	      0.06124559	      0.03250367	      0.08489322	      0.17095778	      0.07892278	      0.06897315	      0.13809224	      0.06449434
     20.00000000	    -45.55555567	      0.00350486	      0.06666161	      0.18092234	      0.21546460	      0.09072633	      0.19503137	      0.12395256	      0.13838921	      0.07355706	      0.08677946	      0.05739210	      0.08251990	      0.05507007	      0.05698303	      0.06408346	      0.06303047	      0.05043992	      0.06209895	      0.05972867	      0.06428054	      0.05550584	      0.06070605	      0.04113306	      0.06599153	      0.06665474	      0.06653758	      0.07028198	      0.07750712	      0.04229977	      0.06486173	      0.06426226	      0.05399008	      0.10100047	      0.20507115	      0.18331510	      0.26522510	      0.15522389	      0.15099964	      0.13440126	      0.05978440	      0.02647197	      0.05791242	      0.06140008	      0.03250367	      0.08383785	      0.17172305	      0.07893292	      0.06897315	      0.13869220	      0.06449434
     21.00000000	    -43.33333345	      0.00350486	      0.06666161	      0.18030828	      0.21530090	      0.09072633	      0.19503137	      0.12362585	      0.13767913	      0.07275021	      0.08780136	      0.05739210	      0.08251990	      0.05507007	      0.05698303	      0.06408346	      0.06303047	      0.05043992	      0.06209895	      0.05972867	      0.06428054	      0.05550584	      0.06070605	      0.04113306	      0.06599153	      0.06665474	      0.06653758	      0.07028198	      0.07750712	      0.04229977	      0.06486173	      0.06426226	      0.05399008	      0.10039204	      0.20573645	      0.18384142	      0.26550183	      0.15482982	      0.15048329	      0.13397713	      0.05978440	      0.02647197	      0.05791242	      0.06157380	      0.03250367	      0.08272959	      0.17249574	      0.07893244	      0.06897315	      0.13930273	      0.06449434
     22.00000000	    -41.11111122	      0.00350486	      0.06666161	      0.17969960	      0.21510862	      0.09072633	      0.19503137	      0.12326284	      0.13691146	      0.07196414	      0.08889469	      0.05739210	      0.08251990	      0.05507007	      0.05698303	      0.06408346	      0.06303047	      0.05043992	      0.06209895	      0.05972867	      0.06428054	      0.05550584	      0.06070605	      0.04113306	      0.06599153	      0.06665474	      0.06653758	      0.07028198	      0.07750712	      0.04229977	      0.06486173	      0.06426226	      0.05399008	      0.09972825	      0.20641374	      0.18438694	      0.26579362	      0.15435506	      0.14991750	      0.13351238	      0.05978440	      0.02647197	      0.05791242	      0.06176288	      0.03250367	      0.08157383	      0.17327483	      0.07892097	      0.06897315	      0.13992408	      0.06449434
     23.00000000	    -38.88888900	      0.00350486	      0.06666161	      0.17907904	      0.21488765	      0.09072633	      0.19503137	      0.12286444	      0.13617361	      0.07120006	      0.09011304	      0.05739210	      0.08251990	      0.05507007	      0.05698303	      0.06408346	      0.06303047	      0.05043992	      0.06209895	      0.05972867	      0.06428054	      0.05550584	      0.06070605	      0.04113306	      0.06599153	      0.06665474	      0.06653758	      0.07028198	      0.07750712	      0.04229977	      0.06486173	      0.06426226	      0.05399008	      0.09901584	      0.20710178	      0.18495086	      0.26610045	      0.15381463	      0.14930696	      0.13300875	      0.05978440	      0.02647197	      0.05791242	      0.06196371	      0.03250367	      0.08037630	      0.17405930	      0.07889793	      0.06897315	      0.14055631	      0.06449434
     24.00000000	    -36.66666677	      0.00350486	      0.06666161	      0.17843759	      0.21463793	      0.09072633	      0.19503137	      0.12242746	      0.13520822	      0.07045893	      0.09131936	      0.05739210	      0.08251990	      0.05507007	      0.05698303	      0.06408346	      0.06303047	      0.05043992	      0.06209895	      0.05972867	      0.06428054	      0.05550584	      0.06070605	      0.04113306	      0.06599153	      0.06665474	      0.06653758	      0.07028198	      0.07750712	      0.04229977	      0.06486173	      0.06426226	      0.05399008	      0.09826151	      0.20779930	      0.18553237	      0.26642218	      0.15322150	      0.14865645	      0.13246806	      0.05978440	      0.02647197	      0.05791242	      0.06217293	      0.03250367	      0.07914115	      0.17484808	      0.07886315	      0.06897315	      0.14119954	      0.06449434
     25.00000000	    -34.44444455	      0.00350486	      0.06666161	      0.17777094	      0.21435939	      0.09072633	      0.19503137	      0.12195213	      0.13427549	      0.06974176	      0.09253315	      0.05739210	      0.08251990	      0.05507007	      0.05698303	      0.06408346	      0.06303047	      0.05043992	      0.06209895	      0.05972867	      0.06428054	      0.05550584	      0.06070605	      0.04113306	      0.06599153	      0.06665474	      0.06653758	      0.07028198	      0.07750712	      0.04229977	      0.06486173	      0.06426226	      0.05399008	      0.09747018	      0.20850505	      0.18613055	      0.26675867	      0.15258966	      0.14797079	      0.13189226	      0.05978440	      0.02647197	      0.05791242	      0.06238749	      0.03250367	      0.07787314	      0.17564025	      0.07881595	      0.06897315	      0.14185381	      0.06449434
     26.00000000	    -32.22222232	      0.00350486	      0.06666161	      0.17707572	      0.21405200	      0.09072633	      0.19503137	      0.12143912	      0.13329087	      0.06904946	      0.09377875	      0.05739210	      0.08251990	      0.05507007	      0.05698303	      0.06408346	      0.06303047	      0.05043992	      0.06209895	      0.05972867	      0.06428054	      0.05550584	      0.06070605	      0.04113306	      0.06599153	      0.06665474	      0.06653758	      0.07028198	      0.07750712	      0.04229977	      0.06486173	      0.06426226	      0.05399008	      0.09664692	      0.20921773	      0.18674451	      0.26710978	      0.16488130	      0.14725476	      0.13128338	      0.05978440	      0.02647197	      0.05791242	      0.06260461	      0.03250367	      0.07657840	      0.17643474	      0.07875636	      0.06897315	      0.14251908	      0.06449434
     27.00000000	    -30.00000010	      0.00350486	      0.06666161	      0.17635048	      0.21371570	      0.09072633	      0.19503137	      0.12088917	      0.13225621	      0.06838292	      0.09505027	      0.05739210	      0.08251990	      0.05507007	      0.05698303	      0.06408346	      0.06303047	      0.05043992	      0.06209895	      0.05972867	      0.06428054	      0.05550584	      0.06070605	      0.04113306	      0.06599153	      0.06665474	      0.06653758	      0.07028198	      0.07750712	      0.04229977	      0.06486173	      0.06426226	      0.05399008	      0.09579614	      0.20993606	      0.18737328	      0.26747526	      0.16531953	      0.14651300	      0.13064355	      0.05978440	      0.02647197	      0.05791242	      0.06282186	      0.03250367	      0.07526160	      0.17723055	      0.07868405	      0.06897315	      0.14319527	      0.06449434
     28.00000000	    -27.77777787	      0.00350486	      0.06666161	      0.17559304	      0.21335007	      0.09072633	      0.19503137	      0.12030306	      0.13117356	      0.06774292	      0.09634329	      0.05739210	      0.08251990	      0.05507007	      0.05698303	      0.06408346	      0.06303047	      0.05043992	      0.06209895	      0.05972867	      0.06428054	      0.05550584	      0.06070605	      0.04113306	      0.06599153	      0.06665474	      0.06653758	      0.07028198	      0.07750712	      0.04229977	      0.06486173	      0.06426226	      0.05399008	      0.09492216	      0.21065873	      0.18801584	      0.26785487	      0.16587536	      0.14575001	      0.12997496	      0.05978440	      0.02647197	      0.05791242	      0.06303709	      0.03250367	      0.07392592	      0.17802668	      0.07859902	      0.06897315	      0.14388219	      0.06449434
     29.00000000	    -25.55555564	      0.00350486	      0.06666161	      0.17480294	      0.21295496	      0.09072633	      0.19503137	      0.11968165	      0.13004488	      0.06713018	      0.09765885	      0.05739210	      0.08251990	      0.05507007	      0.05698303	      0.06408346	      0.06303047	      0.05043992	      0.06209895	      0.05972867	      0.06428054	      0.05550584	      0.06070605	      0.04113306	      0.06599153	      0.06665474	      0.06653758	      0.07028198	      0.07750712	      0.04229977	      0.06486173	      0.06426226	      0.05399008	      0.09402815	      0.21138449	      0.18867117	      0.26824829	      0.14978396	      0.14497008	      0.12927991	      0.05978440	      0.02647197	      0.05791242	      0.06324846	      0.03250367	      0.07257514	      0.17882205	      0.07850125	      0.06897315	      0.14457964	      0.06449434
     30.00000000	    -23.33333342	      0.00350486	      0.06666161	      0.17397782	      0.21253058	      0.09072633	      0.19503137	      0.11902586	      0.12887201	      0.06654518	      0.09899519	      0.05739210	      0.08251990	      0.05507007	      0.05698303	      0.06408346	      0.06303047	      0.05043992	      0.06209895	      0.05972867	      0.06428054	      0.05550584	      0.06070605	      0.04113306	      0.06599153	      0.06665474	      0.06653758	      0.07028198	      0.07750712	      0.04229977	      0.06486173	      0.06426226	      0.05399008	      0.09311811	      0.21211203	      0.18933817	      0.26865521	      0.14903843	      0.14417365	      0.12856072	      0.05978440	      0.02647197	      0.05791242	      0.06345445	      0.03250367	      0.07121265	      0.17961583	      0.07839084	      0.06897315	      0.14528729	      0.06449434
     31.00000000	    -21.11111119	      0.00350486	      0.06666161	      0.17311695	      0.21207660	      0.09072633	      0.19503137	      0.11833664	      0.12765684	      0.06598840	      0.10035349	      0.05739210	      0.08251990	      0.05507007	      0.05698303	      0.06408346	      0.06303047	      0.05043992	      0.06209895	      0.05972867	      0.06428054	      0.05550584	      0.06070605	      0.04113306	      0.06599153	      0.06665474	      0.06653758	      0.07028198	      0.07750712	      0.04229977	      0.06486173	      0.06426226	      0.05399008	      0.09219555	      0.21284009	      0.19001578	      0.26907527	      0.14828383	      0.14335200	      0.12781980	      0.05978440	      0.02647197	      0.05791242	      0.06365380	      0.03250367	      0.06984160	      0.18040697	      0.07826792	      0.06897315	      0.14600477	      0.06449434
     32.00000000	    -18.88888897	      0.00350486	      0.06666161	      0.17221877	      0.21159305	      0.09072633	      0.19503137	      0.11761503	      0.12640135	      0.06546033	      0.10173664	      0.05739210	      0.08251990	      0.05507007	      0.05698303	      0.06408346	      0.06303047	      0.05043992	      0.06209895	      0.05972867	      0.06428054	      0.05550584	      0.06070605	      0.04113306	      0.06599153	      0.06665474	      0.06653758	      0.07028198	      0.07750712	      0.04229977	      0.06486173	      0.06426226	      0.05399008	      0.09126319	      0.21356741	      0.19070291	      0.26950806	      0.14751660	      0.14250694	      0.12705960	      0.05978440	      0.02647197	      0.05791242	      0.06384556	      0.03250367	      0.06846448	      0.18119452	      0.07813273	      0.06897315	      0.14673160	      0.06449434
     33.00000000	    -16.66666674	      0.00350486	      0.06666161	      0.17128284	      0.21108035	      0.09072633	      0.19503137	      0.11686212	      0.12510755	      0.06496144	      0.10313202	      0.05739210	      0.08251990	      0.05507007	      0.05698303	      0.06408346	      0.06303047	      0.05043992	      0.06209895	      0.05972867	      0.06428054	      0.05550584	      0.06070605	      0.04113306	      0.06599153	      0.06665474	      0.06653758	      0.07028198	      0.07750712	      0.04229977	      0.06486173	      0.06426226	      0.05399008	      0.09032434	      0.21429271	      0.19139840	      0.26995318	      0.14671557	      0.14164129	      0.12628259	      0.05978440	      0.02647197	      0.05791242	      0.06402904	      0.03250367	      0.06708386	      0.18197754	      0.22851082	      0.06897315	      0.14746724	      0.06449434
     34.00000000	    -14.44444452	      0.00350486	      0.06666161	      0.17030780	      0.21053862	      0.09072633	      0.19503137	      0.11607905	      0.12377755	      0.06449221	      0.10453402	      0.05739210	      0.08251990	      0.05507007	      0.05698303	      0.06408346	      0.06303047	      0.05043992	      0.06209895	      0.05972867	      0.06428054	      0.05550584	      0.06070605	      0.04113306	      0.06599153	      0.06665474	      0.06653758	      0.07028198	      0.07750712	      0.04229977	      0.06486173	      0.06426226	      0.05399008	      0.08938198	      0.21501483	      0.19210112	      0.27041013	      0.14588049	      0.14075794	      0.12549130	      0.05978440	      0.02647197	      0.05791242	      0.06420380	      0.03250367	      0.06570164	      0.18275508	      0.07782659	      0.06897315	      0.14821106	      0.06449434
     35.00000000	    -12.22222229	      0.00350486	      0.06666161	      0.16929344	      0.20996815	      0.09072633	      0.19503137	      0.11526700	      0.12241347	      0.06405310	      0.10593823	      0.05739210	      0.08251990	      0.05507007	      0.05698303	      0.06408346	      0.06303047	      0.05043992	      0.06209895	      0.05972867	      0.06428054	      0.05550584	      0.06070605	      0.04113306	      0.06599153	      0.06665474	      0.06653758	      0.07028198	      0.07750712	      0.04229977	      0.06486173	      0.06426226	      0.05399008	      0.08843870	      0.18073598	      0.19280989	      0.27087844	      0.14501421	      0.13985980	      0.12468825	      0.05978440	      0.02647197	      0.05791242	      0.06436969	      0.03250367	      0.06432058	      0.18352637	      0.07765648	      0.06897315	      0.14896233	      0.06449434
     36.00000000	    -10.00000007	      0.00350486	      0.06666161	      0.16823867	      0.20936937	      0.09072633	      0.19503137	      0.11442720	      0.12101751	      0.06364456	      0.10734341	      0.05739210	      0.08251990	      0.05507007	      0.05698303	      0.06408346	      0.06303047	      0.05043992	      0.06209895	      0.05972867	      0.06428054	      0.05550584	      0.06070605	      0.04113306	      0.06599153	      0.06665474	      0.06653758	      0.07028198	      0.07750712	      0.04229977	      0.06486173	      0.06426226	      0.05399008	      0.08749716	      0.18159736	      0.19352363	      0.27135758	      0.14411966	      0.13894980	      0.12387599	      0.05978440	      0.02647197	      0.05791242	      0.06452675	      0.03250367	      0.06294335	      0.18429046	      0.07827510	      0.06897315	      0.14972025	      0.06449434
     37.00000000	     -7.77777784	      0.00350486	      0.06666161	      0.16714336	      0.20874284	      0.09072633	      0.19503137	      0.11356093	      0.11959184	      0.06326700	      0.10874641	      0.05739210	      0.08251990	      0.05507007	      0.05698303	      0.06408346	      0.06303047	      0.05043992	      0.06209895	      0.05972867	      0.06428054	      0.05550584	      0.06070605	      0.04113306	      0.06599153	      0.06665474	      0.06653758	      0.07028198	      0.07750712	      0.04229977	      0.06486173	      0.06426226	      0.05399008	      0.08656188	      0.18245297	      0.19424114	      0.27184705	      0.14319988	      0.13803092	      0.12305706	      0.05978440	      0.02647197	      0.05791242	      0.06467531	      0.03250367	      0.06157282	      0.18504653	      0.07800548	      0.06897315	      0.15048394	      0.06449434
     38.00000000	     -5.55555562	      0.00350486	      0.06666161	      0.16600798	      0.20808924	      0.09072633	      0.19503137	      0.11266952	      0.11813863	      0.06292083	      0.11014457	      0.05739210	      0.08251990	      0.05507007	      0.05698303	      0.06408346	      0.06303047	      0.05043992	      0.06209895	      0.05972867	      0.06428054	      0.05550584	      0.06070605	      0.04113306	      0.06599153	      0.06665474	      0.06653758	      0.07028198	      0.07750712	      0.04229977	      0.06486173	      0.06426226	      0.05399008	      0.08563633	      0.18330110	      0.19496130	      0.27234626	      0.14225794	      0.13710612	      0.12223398	      0.05978440	      0.02647197	      0.05791242	      0.06481589	      0.03250367	      0.06021217	      0.18579370	      0.07771013	      0.06897315	      0.15125241	      0.06449434
     39.00000000	     -3.33333339	      0.00350486	      0.06666161	      0.16483273	      0.20740942	      0.09072633	      0.19503137	      0.11175440	      0.11665995	      0.06260641	      0.11153715	      0.05739210	      0.08251990	      0.05507007	      0.05698303	      0.06408346	      0.06303047	      0.05043992	      0.06209895	      0.05972867	      0.06428054	      0.05550584	      0.06070605	      0.04113306	      0.06599153	      0.06665474	      0.06653758	      0.07028198	      0.07750712	      0.04229977	      0.06486173	      0.06426226	      0.05399008	      0.08472325	      0.18414014	      0.15861133	      0.27285462	      0.14129702	      0.13617836	      0.12140928	      0.05978440	      0.02647197	      0.05791242	      0.06494925	      0.03250367	      0.05886485	      0.18653130	      0.22444579	      0.06897315	      0.15202463	      0.06449434
     40.00000000	     -1.11111116	      0.00350486	      0.06666161	      0.16361945	      0.20670441	      0.09072633	      0.19503137	      0.11081668	      0.11515786	      0.06232405	      0.11292115	      0.05739210	      0.08251990	      0.05507007	      0.05698303	      0.06408346	      0.06303047	      0.05043992	      0.06209895	      0.05972867	      0.06428054	      0.05550584	      0.06070605	      0.04113306	      0.06599153	      0.06665474	      0.06653758	      0.07028198	      0.07750712	      0.04229977	      0.06486173	      0.06426226	      0.05399008	      0.08382467	      0.18496855	      0.15943845	      0.27337154	      0.14032032	      0.13525057	      0.12058542	      0.05978440	      0.02647197	      0.05791242	      0.06507632	      0.03250367	      0.05753490	      0.14884434	      0.07996505	      0.06897315	      0.15279944	      0.06449434
     41.00000000	      1.11111106	      0.00350486	      0.06666161	      0.16236903	      0.20597542	      0.09072633	      0.19503137	      0.10985794	      0.11363438	      0.06207405	      0.11429634	      0.05739210	      0.08251990	      0.05507007	      0.05698303	      0.06408346	      0.06303047	      0.05043992	      0.06209895	      0.05972867	      0.06428054	      0.05550584	      0.06070605	      0.04113306	      0.06599153	      0.06665474	      0.06653758	      0.07028198	      0.07750712	      0.04229977	      0.06486173	      0.06426226	      0.05399008	      0.08294323	      0.18578491	      0.16026407	      0.27389640	      0.13933110	      0.13432566	      0.11976485	      0.05978440	      0.02647197	      0.05791242	      0.06519827	      0.03250367	      0.05622900	      0.14978092	      0.07989638	      0.06897315	      0.15357566	      0.06449434
     42.00000000	      3.33333329	      0.00350486	      0.06666161	      0.16108404	      0.20522385	      0.09072633	      0.19503137	      0.10887960	      0.11209156	      0.06185665	      0.11566049	      0.05739210	      0.08251990	      0.05507007	      0.05698303	      0.06408346	      0.06303047	      0.05043992	      0.06209895	      0.05972867	      0.06428054	      0.05550584	      0.06070605	      0.04113306	      0.06599153	      0.06665474	      0.06653758	      0.07028198	      0.07750712	      0.04229977	      0.06486173	      0.06426226	      0.05399008	      0.08208173	      0.18658787	      0.16108659	      0.27442855	      0.13833267	      0.13340651	      0.11894993	      0.05978440	      0.02647197	      0.05791242	      0.06531642	      0.03250367	      0.05495236	      0.15070015	      0.07977610	      0.06897315	      0.15435194	      0.06449434
     43.00000000	      5.55555551	      0.00350486	      0.06666161	      0.15976686	      0.20445130	      0.09072633	      0.19503137	      0.10788312	      0.11053412	      0.06167203	      0.11701181	      0.05739210	      0.08251990	      0.05507007	      0.05698303	      0.06408346	      0.06303047	      0.05043992	      0.06209895	      0.05972867	      0.06428054	      0.05550584	      0.06070605	      0.04113306	      0.06599153	      0.06665474	      0.06653758	      0.07028198	      0.07750712	      0.04229977	      0.06486173	      0.06426226	      0.05399008	      0.08124280	      0.18737620	      0.16190449	      0.27496738	      0.13732834	      0.13249594	      0.11814302	      0.05978440	      0.02647197	      0.05791242	      0.06543228	      0.03250367	      0.05370928	      0.15160087	      0.07961198	      0.06897315	      0.15512622	      0.06449434
     44.00000000	      7.77777774	      0.00350486	      0.06666161	      0.15842105	      0.20365928	      0.09072633	      0.19503137	      0.10687010	      0.10896623	      0.06152035	      0.11835032	      0.05739210	      0.08251990	      0.05507007	      0.05698303	      0.06408346	      0.06303047	      0.05043992	      0.06209895	      0.05972867	      0.06428054	      0.05550584	      0.06070605	      0.04113306	      0.06599153	      0.06665474	      0.06653758	      0.07028198	      0.07750712	      0.04229977	      0.06486173	      0.06426226	      0.05399008	      0.08042997	      0.18814873	      0.16271630	      0.23601132	      0.13632144	      0.13159669	      0.11734648	      0.05978440	      0.02647197	      0.05791242	      0.06554752	      0.03250367	      0.05249996	      0.15248199	      0.07941076	      0.06897315	      0.15589688	      0.06449434
     45.00000000	      9.99999996	      0.00350486	      0.06666161	      0.15704978	      0.20284901	      0.09072633	      0.19503137	      0.10584361	      0.10739017	      0.06140171	      0.11967429	      0.05739210	      0.08251990	      0.05507007	      0.05698303	      0.06408346	      0.06303047	      0.05043992	      0.06209895	      0.05972867	      0.06428054	      0.05550584	      0.06070605	      0.04113306	      0.06599153	      0.06665474	      0.06653758	      0.07028198	      0.07750712	      0.04229977	      0.06486173	      0.06426226	      0.05399008	      0.07964560	      0.18890442	      0.16352064	      0.23671031	      0.13531527	      0.13071141	      0.11656253	      0.05978440	      0.02647197	      0.05791242	      0.06566395	      0.03250367	      0.05133326	      0.15334248	      0.07917587	      0.06897315	      0.15666250	      0.06449434
     46.00000000	     12.22222219	      0.00350486	      0.06666161	      0.15565755	      0.20202178	      0.09072633	      0.19503137	      0.10480584	      0.10580822	      0.06131614	      0.12098247	      0.05739210	      0.08251990	      0.05507007	      0.05698303	      0.06408346	      0.06303047	      0.05043992	      0.06209895	      0.05972867	      0.06428054	      0.05550584	      0.06070605	      0.04113306	      0.06599153	      0.06665474	      0.06653758	      0.07028198	      0.07750712	      0.04229977	      0.06486173	      0.06426226	      0.05399008	      0.07889247	      0.18964229	      0.16431620	      0.23740640	      0.13431314	      0.12984266	      0.11579331	      0.05978440	      0.02647197	      0.05791242	      0.06578347	      0.03250367	      0.05021901	      0.15418144	      0.07891920	      0.06897315	      0.15742160	      0.06449434
     47.00000000	     14.44444441	      0.00350486	      0.06666161	      0.15424848	      0.20117895	      0.09072633	      0.19503137	      0.10375851	      0.10422256	      0.06126408	      0.12227536	      0.05739210	      0.08251990	      0.05507007	      0.05698303	      0.06408346	      0.06303047	      0.05043992	      0.06209895	      0.05972867	      0.06428054	      0.05550584	      0.06070605	      0.04113306	      0.06599153	      0.06665474	      0.06653758	      0.07028198	      0.07750712	      0.04229977	      0.06486173	      0.06426226	      0.05399008	      0.07817327	      0.19036148	      0.16510173	      0.23809842	      0.13331828	      0.12899287	      0.11504080	      0.05978440	      0.02647197	      0.05791242	      0.06590814	      0.03250367	      0.04916736	      0.15499802	      0.07863798	      0.06897315	      0.15817265	      0.06449434
     48.00000000	     16.66666664	      0.00350486	      0.06666161	      0.15282495	      0.20032193	      0.09072633	      0.19503137	      0.10270332	      0.10263534	      0.06124414	      0.12355148	      0.05739210	      0.08251990	      0.05507007	      0.05698303	      0.06408346	      0.06303047	      0.05043992	      0.06209895	      0.05972867	      0.06428054	      0.05550584	      0.06070605	      0.04113306	      0.06599153	      0.06665474	      0.06653758	      0.07028198	      0.07750712	      0.04229977	      0.06486173	      0.06426226	      0.05399008	      0.07748970	      0.19106118	      0.16587608	      0.23878527	      0.13233389	      0.12816434	      0.11430684	      0.05978440	      0.02647197	      0.05791242	      0.06604006	      0.03250367	      0.04818869	      0.15579144	      0.07833821	      0.06897315	      0.15891410	      0.06449434
     49.00000000	     18.88888886	      0.00350486	      0.06666161	      0.15139065	      0.19945231	      0.09072633	      0.19503137	      0.10164200	      0.10104859	      0.06125755	      0.12481028	      0.05739210	      0.08251990	      0.05507007	      0.05698303	      0.06408346	      0.06303047	      0.05043992	      0.06209895	      0.05972867	      0.06428054	      0.05550584	      0.06070605	      0.04113306	      0.06599153	      0.06665474	      0.06653758	      0.07028198	      0.07750712	      0.04229977	      0.06486173	      0.06426226	      0.05399008	      0.07684412	      0.19174070	      0.16663814	      0.23946589	      0.13136308	      0.12735923	      0.11359314	      0.05978440	      0.02647197	      0.05791242	      0.06618140	      0.03250367	      0.04729344	      0.15656101	      0.07802319	      0.06897315	      0.15964436	      0.06449434
     50.00000000	     21.11111109	      0.00350486	      0.06666161	      0.14994840	      0.19857169	      0.09072633	      0.19503137	      0.10057626	      0.09946372	      0.06130371	      0.12605131	      0.05739210	      0.08251990	      0.05507007	      0.05698303	      0.06408346	      0.06303047	      0.05043992	      0.06209895	      0.05972867	      0.06428054	      0.05550584	      0.06070605	      0.04113306	      0.06599153	      0.06665474	      0.06653758	      0.07028198	      0.07750712	      0.04229977	      0.06486173	      0.06426226	      0.05399008	      0.07623761	      0.19239942	      0.16738691	      0.24013927	      0.13040885	      0.12657952	      0.11290122	      0.05978440	      0.02647197	      0.05791242	      0.06633436	      0.03250367	      0.04649197	      0.15730612	      0.07769593	      0.06897315	      0.16036182	      0.06449434
     51.00000000	     23.33333332	      0.00350486	      0.06666161	      0.14850256	      0.19768170	      0.09072633	      0.19503137	      0.09950782	      0.09788168	      0.06138240	      0.12727330	      0.05739210	      0.08251990	      0.05507007	      0.05698303	      0.06408346	      0.06303047	      0.05043992	      0.06209895	      0.05972867	      0.06428054	      0.05550584	      0.06070605	      0.04113306	      0.06599153	      0.06665474	      0.06653758	      0.07028198	      0.07750712	      0.04229977	      0.06486173	      0.06426226	      0.05399008	      0.07567095	      0.19303739	      0.16812143	      0.24080447	      0.12947409	      0.12582700	      0.11223242	      0.05978440	      0.02647197	      0.05791242	      0.06650112	      0.03250367	      0.04579438	      0.15802622	      0.07735787	      0.06897315	      0.16106486	      0.06449434
     52.00000000	     25.55555554	      0.00350486	      0.06666161	      0.14705662	      0.19678412	      0.09072633	      0.19503137	      0.09843839	      0.09630338	      0.06149338	      0.12847391	      0.05739210	      0.08251990	      0.05507007	      0.05698303	      0.06408346	      0.06303047	      0.05043992	      0.06209895	      0.05972867	      0.06428054	      0.05550584	      0.06070605	      0.04113306	      0.06599153	      0.06665474	      0.06653758	      0.07028198	      0.07750712	      0.04229977	      0.06486173	      0.06426226	      0.05399008	      0.07514557	      0.19365733	      0.16884083	      0.24146060	      0.12856154	      0.12510328	      0.11158794	      0.05978440	      0.02647197	      0.05791242	      0.06668386	      0.03250367	      0.04521020	      0.15872083	      0.07701437	      0.06897315	      0.16175183	      0.06449434
     53.00000000	     27.77777777	      0.00350486	      0.06666161	      0.14561550	      0.19588079	      0.09072633	      0.19503137	      0.09736965	      0.09472971	      0.06163634	      0.12965317	      0.05739210	      0.08251990	      0.05507007	      0.05698303	      0.06408346	      0.06303047	      0.05043992	      0.06209895	      0.05972867	      0.06428054	      0.05550584	      0.06070605	      0.04113306	      0.06599153	      0.06665474	      0.06653758	      0.07028198	      0.07750712	      0.04229977	      0.06486173	      0.06426226	      0.05399008	      0.07466132	      0.19425915	      0.16954605	      0.24210683	      0.12767375	      0.12440976	      0.11096875	      0.05978440	      0.02647197	      0.05791242	      0.06688468	      0.03250367	      0.04474798	      0.15938954	      0.07666798	      0.06897315	      0.16242109	      0.06449434
     54.00000000	     29.99999999	      0.00350486	      0.06666161	      0.14418346	      0.19497360	      0.09072633	      0.19503137	      0.09630321	      0.09316157	      0.06181095	      0.13081120	      0.05739210	      0.08251990	      0.05507007	      0.05698303	      0.06408346	      0.06303047	      0.05043992	      0.06209895	      0.05972867	      0.06428054	      0.05550584	      0.06070605	      0.04113306	      0.06599153	      0.06665474	      0.06653758	      0.07028198	      0.07750712	      0.04229977	      0.06486173	      0.06426226	      0.05399008	      0.07421820	      0.19484231	      0.17023988	      0.24274237	      0.12681312	      0.12374760	      0.11037566	      0.05978440	      0.02647197	      0.05791242	      0.06710559	      0.03250367	      0.04441490	      0.16003200	      0.07632059	      0.06897315	      0.16307100	      0.06449434
     55.00000000	     32.22222222	      0.00350486	      0.06666161	      0.14276593	      0.19406450	      0.09072633	      0.19503137	      0.09524045	      0.09159983	      0.06201684	      0.13194814	      0.05739210	      0.08251990	      0.05507007	      0.05698303	      0.06408346	      0.06303047	      0.05043992	      0.06209895	      0.05972867	      0.06428054	      0.05550584	      0.06070605	      0.04113306	      0.06599153	      0.06665474	      0.06653758	      0.07028198	      0.07750712	      0.04229977	      0.06486173	      0.06426226	      0.05399008	      0.07381602	      0.19540629	      0.17092165	      0.24336650	      0.12598180	      0.12311774	      0.10980928	      0.05978440	      0.02647197	      0.05791242	      0.06734846	      0.03250367	      0.04421636	      0.16064792	      0.07597375	      0.06897315	      0.16369991	      0.06449434
     56.00000000	     34.44444444	      0.00350486	      0.06666161	      0.14136877	      0.19315550	      0.09072633	      0.19503137	      0.09418261	      0.09004541	      0.06225359	      0.13306408	      0.05739210	      0.08251990	      0.05507007	      0.05698303	      0.06408346	      0.06303047	      0.05043992	      0.06209895	      0.05972867	      0.06428054	      0.05550584	      0.06070605	      0.04113306	      0.06599153	      0.06665474	      0.06653758	      0.07028198	      0.07750712	      0.04229977	      0.06486173	      0.06426226	      0.05399008	      0.07345446	      0.19595068	      0.17159064	      0.24397855	      0.12518172	      0.12252088	      0.10927003	      0.05978440	      0.02647197	      0.05791242	      0.06761504	      0.03250367	      0.04415568	      0.16123708	      0.07562878	      0.06897315	      0.16430619	      0.06449434
     57.00000000	     36.66666667	      0.00350486	      0.06666161	      0.13999761	      0.19224867	      0.09072633	      0.19503137	      0.09313118	      0.08849919	      0.06252077	      0.13415909	      0.05739210	      0.08251990	      0.05507007	      0.05698303	      0.06408346	      0.06303047	      0.05043992	      0.06209895	      0.05972867	      0.06428054	      0.05550584	      0.06070605	      0.04113306	      0.06599153	      0.06665474	      0.06653758	      0.07028198	      0.07750712	      0.04229977	      0.06486173	      0.06426226	      0.05399008	      0.07313309	      0.19647510	      0.17224616	      0.24457787	      0.12441454	      0.12195746	      0.10875815	      0.05978440	      0.02647197	      0.05791242	      0.06790686	      0.03250367	      0.04423382	      0.16179930	      0.07528642	      0.06897315	      0.16488823	      0.06449434
     58.00000000	     38.88888889	      0.00350486	      0.06666161	      0.13865992	      0.19134609	      0.09072633	      0.19503137	      0.09208728	      0.08696212	      0.06281792	      0.13523320	      0.05739210	      0.08251990	      0.05507007	      0.05698303	      0.06408346	      0.06303047	      0.05043992	      0.06209895	      0.05972867	      0.06428054	      0.05550584	      0.06070605	      0.04113306	      0.06599153	      0.06665474	      0.06653758	      0.07028198	      0.07750712	      0.04229977	      0.06486173	      0.06426226	      0.05399008	      0.07285325	      0.19697923	      0.17288759	      0.24516391	      0.12368167	      0.12142768	      0.10827367	      0.05978440	      0.02647197	      0.05791242	      0.06822528	      0.03250367	      0.04444938	      0.16233446	      0.07494799	      0.06897315	      0.16544444	      0.06449434
     59.00000000	     41.11111112	      0.00350486	      0.06666161	      0.13736243	      0.19044992	      0.09072633	      0.19503137	      0.09105227	      0.08543514	      0.06314453	      0.13628638	      0.05739210	      0.08251990	      0.05507007	      0.05698303	      0.06408346	      0.06303047	      0.05043992	      0.06209895	      0.05972867	      0.06428054	      0.05550584	      0.06070605	      0.04113306	      0.06599153	      0.06665474	      0.06653758	      0.07028198	      0.07750712	      0.04229977	      0.06486173	      0.06426226	      0.05399008	      0.07260895	      0.19746283	      0.17351433	      0.24573611	      0.12298418	      0.12093147	      0.10781648	      0.05978440	      0.02647197	      0.05791242	      0.06857142	      0.03250367	      0.04479865	      0.16284248	      0.07461386	      0.06897315	      0.16597326	      0.06449434
     60.00000000	     43.33333334	      0.00350486	      0.06666161	      0.13611452	      0.18956246	      0.09072633	      0.19503137	      0.09002752	      0.08391924	      0.06350012	      0.13731860	      0.05739210	      0.08251990	      0.05507007	      0.05698303	      0.06408346	      0.06303047	      0.05043992	      0.06209895	      0.05972867	      0.06428054	      0.05550584	      0.06070605	      0.04113306	      0.06599153	      0.06665474	      0.06653758	      0.07028198	      0.07750712	      0.04229977	      0.06486173	      0.06426226	      0.05399008	      0.07240305	      0.19792572	      0.17412585	      0.24629809	      0.12232289	      0.12046851	      0.10738625	      0.05978440	      0.02647197	      0.05791242	      0.06894615	      0.03250367	      0.04527585	      0.16332332	      0.07428434	      0.06897315	      0.16647318	      0.06449434
     61.00000000	     45.55555557	      0.00350486	      0.06666161	      0.13492566	      0.18868597	      0.09072633	      0.19503137	      0.08901424	      0.08241581	      0.06388415	      0.13832977	      0.05739210	      0.08251990	      0.05507007	      0.05698303	      0.06408346	      0.06303047	      0.05043992	      0.06209895	      0.05972867	      0.06428054	      0.05550584	      0.06070605	      0.04113306	      0.06599153	      0.06665474	      0.06653758	      0.07028198	      0.07750712	      0.04229977	      0.06486173	      0.06426226	      0.05399008	      0.07223520	      0.19836777	      0.17472165	      0.24685492	      0.12169826	      0.12003826	      0.10698250	      0.05978440	      0.02647197	      0.05791242	      0.06935011	      0.03250367	      0.04587352	      0.16377706	      0.07395958	      0.06897315	      0.16694271	      0.06449434
     62.00000000	     47.77777780	      0.00350486	      0.06666161	      0.13380712	      0.18782266	      0.09072633	      0.19503137	      0.08801379	      0.08092737	      0.06429611	      0.13931973	      0.05739210	      0.08251990	      0.05507007	      0.05698303	      0.06408346	      0.06303047	      0.05043992	      0.06209895	      0.05972867	      0.06428054	      0.05550584	      0.06070605	      0.04113306	      0.06599153	      0.06665474	      0.06653758	      0.07028198	      0.07750712	      0.04229977	      0.06486173	      0.06426226	      0.05399008	      0.07210504	      0.19878891	      0.17530129	      0.24740615	      0.12111043	      0.11963989	      0.10660461	      0.05978440	      0.02647197	      0.05791242	      0.06978366	      0.03250367	      0.04658288	      0.16420403	      0.07363938	      0.06897315	      0.16738043	      0.06449434
     63.00000000	     50.00000002	      0.00350486	      0.06666161	      0.13277146	      0.18697474	      0.09072633	      0.19503137	      0.08702748	      0.07945656	      0.06473546	      0.14028828	      0.05739210	      0.08251990	      0.05507007	      0.05698303	      0.06408346	      0.06303047	      0.05043992	      0.06209895	      0.05972867	      0.06428054	      0.05550584	      0.06070605	      0.04113306	      0.06599153	      0.06665474	      0.06653758	      0.07028198	      0.07750712	      0.04229977	      0.06486173	      0.06426226	      0.05399008	      0.07201214	      0.19918915	      0.17586436	      0.24795132	      0.12055922	      0.11927239	      0.10625177	      0.05978440	      0.02647197	      0.05791242	      0.07024693	      0.03250367	      0.04739424	      0.16460705	      0.07332412	      0.06897315	      0.16778496	      0.06449434
     64.00000000	     52.22222225	      0.00350486	      0.06666161	      0.13158624	      0.18614432	      0.09072633	      0.19503137	      0.08605662	      0.07800585	      0.06520167	      0.14123519	      0.05739210	      0.08251990	      0.05507007	      0.05698303	      0.06408346	      0.06303047	      0.05043992	      0.06209895	      0.05972867	      0.06428054	      0.05550584	      0.06070605	      0.04113306	      0.06599153	      0.06665474	      0.06653758	      0.07028198	      0.07750712	      0.04229977	      0.06486173	      0.06426226	      0.05399008	      0.07195595	      0.19956854	      0.17641053	      0.24849000	      0.12004411	      0.11893450	      0.10592305	      0.05978440	      0.02647197	      0.05791242	      0.07073977	      0.03250367	      0.04829741	      0.16498673	      0.07301326	      0.06897315	      0.16815497	      0.06449434
     65.00000000	     54.44444447	      0.00350486	      0.06666161	      0.13078326	      0.18533349	      0.09072633	      0.19503137	      0.08510252	      0.07657765	      0.06569431	      0.14216014	      0.05739210	      0.08251990	      0.05507007	      0.05698303	      0.06408346	      0.06303047	      0.05043992	      0.06209895	      0.05972867	      0.06428054	      0.05550584	      0.06070605	      0.04113306	      0.06599153	      0.06665474	      0.06653758	      0.07028198	      0.07750712	      0.04229977	      0.06486173	      0.06426226	      0.05399008	      0.07193582	      0.19992721	      0.17693949	      0.24902177	      0.11956426	      0.11862477	      0.10561741	      0.05978440	      0.02647197	      0.05791242	      0.07126179	      0.03250367	      0.04928198	      0.16534313	      0.07270643	      0.06897315	      0.16848921	      0.06449434
     66.00000000	     56.66666670	      0.00350486	      0.06666161	      0.13009816	      0.18454423	      0.09072633	      0.19503137	      0.08416648	      0.07517420	      0.06621256	      0.14306278	      0.05739210	      0.08251990	      0.05507007	      0.05698303	      0.06408346	      0.06303047	      0.05043992	      0.06209895	      0.05972867	      0.06428054	      0.05550584	      0.06070605	      0.04113306	      0.06599153	      0.06665474	      0.06653758	      0.07028198	      0.07750712	      0.04229977	      0.06486173	      0.06426226	      0.05399008	      0.07195087	      0.20026533	      0.17745099	      0.24954624	      0.11911850	      0.11834155	      0.10533367	      0.05978440	      0.02647197	      0.05791242	      0.07181236	      0.03250367	      0.05033752	      0.16567638	      0.07240291	      0.06897315	      0.16878648	      0.06449434
     67.00000000	     58.88888892	      0.00350486	      0.06666161	      0.12954493	      0.18377844	      0.09072633	      0.19503137	      0.08324980	      0.07379762	      0.06675623	      0.14394270	      0.05739210	      0.08251990	      0.05507007	      0.05698303	      0.06408346	      0.06303047	      0.05043992	      0.06209895	      0.05972867	      0.06428054	      0.05550584	      0.06070605	      0.04113306	      0.06599153	      0.06665474	      0.06653758	      0.07028198	      0.07750712	      0.04229977	      0.06486173	      0.06426226	      0.05399008	      0.07200005	      0.20058313	      0.17794482	      0.25006306	      0.11870538	      0.11808305	      0.10507056	      0.05978440	      0.02647197	      0.05791242	      0.07239065	      0.03250367	      0.05145364	      0.16598660	      0.07210265	      0.06897315	      0.16904567	      0.06449434
     68.00000000	     61.11111115	      0.00350486	      0.06666161	      0.12913626	      0.18303790	      0.09072633	      0.19503137	      0.08235435	      0.07244988	      0.06732473	      0.14479940	      0.05739210	      0.08251990	      0.05507007	      0.05698303	      0.06408346	      0.06303047	      0.05043992	      0.06209895	      0.05972867	      0.06428054	      0.05550584	      0.06070605	      0.04113306	      0.06599153	      0.06665474	      0.06653758	      0.07028198	      0.07750712	      0.04229977	      0.06486173	      0.06426226	      0.05399008	      0.07208202	      0.20085433	      0.17839055	      0.25057189	      0.11832314	      0.11784731	      0.10482671	      0.05978440	      0.02647197	      0.05791242	      0.07299560	      0.03250367	      0.05262025	      0.16627397	      0.07180472	      0.06897315	      0.16944012	      0.06449434
     69.00000000	     63.33333337	      0.00350486	      0.06666161	      0.12888254	      0.18232428	      0.09072633	      0.19503137	      0.08148264	      0.07113285	      0.06791760	      0.14563358	      0.05739210	      0.08251990	      0.05507007	      0.05698303	      0.06408346	      0.06303047	      0.05043992	      0.06209895	      0.05972867	      0.06428054	      0.05550584	      0.06070605	      0.04113306	      0.06599153	      0.06665474	      0.06653758	      0.07028198	      0.07750712	      0.04229977	      0.06486173	      0.06426226	      0.05399008	      0.07219519	      0.20113000	      0.17884508	      0.25107240	      0.11796977	      0.11763225	      0.10460069	      0.05978440	      0.02647197	      0.05791242	      0.07362595	      0.03250367	      0.05383138	      0.16653872	      0.07150848	      0.06897315	      0.16968696	      0.06449434
     70.00000000	     65.55555560	      0.00350486	      0.06666161	      0.12879089	      0.18163912	      0.09072633	      0.19503137	      0.08063444	      0.06984827	      0.06853433	      0.14646643	      0.05739210	      0.08251990	      0.05507007	      0.05698303	      0.06408346	      0.06303047	      0.05043992	      0.06209895	      0.05972867	      0.06428054	      0.05550584	      0.06070605	      0.04113306	      0.06599153	      0.06665474	      0.06653758	      0.07028198	      0.07750712	      0.04229977	      0.06486173	      0.06426226	      0.05399008	      0.07233767	      0.20138637	      0.17928148	      0.25156432	      0.11764301	      0.11743569	      0.10439102	      0.05978440	      0.02647197	      0.05791242	      0.07428029	      0.03250367	      0.05508784	      0.16678109	      0.07121301	      0.06897315	      0.16990367	      0.06449434
     71.00000000	     67.77777782	      0.00350486	      0.06666161	      0.12886434	      0.18098382	      0.09072633	      0.19503137	      0.07981356	      0.06859765	      0.06917425	      0.14730463	      0.05739210	      0.08251990	      0.05507007	      0.05698303	      0.06408346	      0.06303047	      0.05043992	      0.06209895	      0.05972867	      0.06428054	      0.05550584	      0.06070605	      0.04113306	      0.06599153	      0.06665474	      0.06653758	      0.07028198	      0.07750712	      0.04229977	      0.06486173	      0.06426226	      0.05399008	      0.07250729	      0.20162381	      0.17969980	      0.25204739	      0.11734040	      0.11725538	      0.10419615	      0.05978440	      0.02647197	      0.05791242	      0.07495830	      0.03250367	      0.05638395	      0.16700134	      0.07091803	      0.06897315	      0.17008936	      0.06449434
     72.00000000	     70.00000005	      0.00350486	      0.06666161	      0.12910152	      0.18035963	      0.09072633	      0.19503137	      0.07902098	      0.06738243	      0.06983666	      0.14814648	      0.05739210	      0.08251990	      0.05507007	      0.05698303	      0.06408346	      0.06303047	      0.05043992	      0.06209895	      0.05972867	      0.06428054	      0.05550584	      0.06070605	      0.04113306	      0.06599153	      0.06665474	      0.06653758	      0.07028198	      0.07750712	      0.04229977	      0.06486173	      0.06426226	      0.05399008	      0.07270160	      0.20184284	      0.18009993	      0.25252136	      0.11705928	      0.11708900	      0.10401451	      0.05978440	      0.02647197	      0.05791242	      0.07566020	      0.03250367	      0.05771274	      0.16719980	      0.07062260	      0.06897315	      0.17024317	      0.06449434
     73.00000000	     72.22222228	      0.00350486	      0.06666161	      0.12949685	      0.17976766	      0.09072633	      0.19503137	      0.07825854	      0.06620388	      0.07052079	      0.14899001	      0.05739210	      0.08251990	      0.05507007	      0.05698303	      0.06408346	      0.06303047	      0.05043992	      0.06209895	      0.05972867	      0.06428054	      0.05550584	      0.06070605	      0.04113306	      0.06599153	      0.06665474	      0.06653758	      0.07028198	      0.07750712	      0.04229977	      0.06486173	      0.06426226	      0.05399008	      0.07291791	      0.20204395	      0.18048208	      0.25298603	      0.11679683	      0.11693421	      0.10384454	      0.05978440	      0.02647197	      0.05791242	      0.07638588	      0.03250367	      0.05906812	      0.16737679	      0.07032577	      0.06897315	      0.17036429	      0.06449434
     74.00000000	     74.44444450	      0.00350486	      0.06666161	      0.13004118	      0.17920881	      0.09072633	      0.19503137	      0.07752798	      0.06506328	      0.07122587	      0.14983289	      0.05739210	      0.08251990	      0.05507007	      0.05698303	      0.06408346	      0.06303047	      0.05043992	      0.06209895	      0.05972867	      0.06428054	      0.05550584	      0.06070605	      0.04113306	      0.06599153	      0.06665474	      0.06653758	      0.07028198	      0.07750712	      0.04229977	      0.06486173	      0.06426226	      0.05399008	      0.07315328	      0.20222771	      0.18084637	      0.25344119	      0.11655013	      0.11678867	      0.10368466	      0.05978440	      0.02647197	      0.05791242	      0.07713441	      0.03250367	      0.06044489	      0.16753266	      0.07002726	      0.06897315	      0.17045198	      0.06449434
     75.00000000	     76.66666673	      0.00350486	      0.06666161	      0.13072278	      0.17868408	      0.09072633	      0.19503137	      0.07683096	      0.06396192	      0.07195106	      0.15067241	      0.05739210	      0.08251990	      0.05507007	      0.05698303	      0.06408346	      0.06303047	      0.05043992	      0.06209895	      0.05972867	      0.06428054	      0.05550584	      0.06070605	      0.04113306	      0.06599153	      0.06665474	      0.06653758	      0.07028198	      0.07750712	      0.04229977	      0.06486173	      0.06426226	      0.05399008	      0.07340457	      0.20239463	      0.18119284	      0.25387120	      0.11631615	      0.11665003	      0.10353330	      0.05978440	      0.02647197	      0.05791242	      0.07790504	      0.03250367	      0.06183947	      0.16766779	      0.06972619	      0.06897315	      0.17050555	      0.06449434
     76.00000000	     78.88888895	      0.00350486	      0.06666161	      0.13152830	      0.17819394	      0.09072633	      0.19503137	      0.07616907	      0.06290108	      0.07269557	      0.15150546	      0.05739210	      0.08251990	      0.05507007	      0.05698303	      0.06408346	      0.06303047	      0.05043992	      0.06209895	      0.05972867	      0.06428054	      0.05550584	      0.06070605	      0.04113306	      0.06599153	      0.06665474	      0.06653758	      0.07028198	      0.07750712	      0.04229977	      0.06486173	      0.06426226	      0.05399008	      0.07366851	      0.20254532	      0.18152146	      0.25430509	      0.11609180	      0.11651602	      0.10338894	      0.05978440	      0.02647197	      0.05791242	      0.07869790	      0.03250367	      0.06324886	      0.16778259	      0.06942170	      0.06897315	      0.17052436	      0.06449434
     77.00000000	     81.11111118	      0.00350486	      0.06666161	      0.13244375	      0.17773887	      0.09072633	      0.19503137	      0.07554378	      0.06188202	      0.07345841	      0.15232850	      0.05739210	      0.08251990	      0.05507007	      0.05698303	      0.06408346	      0.06303047	      0.05043992	      0.06209895	      0.05972867	      0.06428054	      0.05550584	      0.06070605	      0.04113306	      0.06599153	      0.06665474	      0.06653758	      0.07028198	      0.07750712	      0.04229977	      0.06486173	      0.06426226	      0.05399008	      0.07394185	      0.20268044	      0.18183293	      0.25472903	      0.11587395	      0.11638439	      0.10325008	      0.05978440	      0.02647197	      0.05791242	      0.07951223	      0.03250367	      0.06467046	      0.16787745	      0.06911391	      0.06897315	      0.17050785	      0.06449434
     78.00000000	     83.33333340	      0.00350486	      0.06666161	      0.13345486	      0.17731922	      0.09072633	      0.19503137	      0.07495651	      0.06090604	      0.07423869	      0.15313747	      0.05739210	      0.08251990	      0.05507007	      0.05698303	      0.06408346	      0.06303047	      0.05043992	      0.06209895	      0.05972867	      0.06428054	      0.05550584	      0.06070605	      0.04113306	      0.06599153	      0.06665474	      0.06653758	      0.07028198	      0.07750712	      0.04229977	      0.06486173	      0.06426226	      0.05399008	      0.07422196	      0.20280045	      0.18212732	      0.25514286	      0.11565951	      0.11625299	      0.10311531	      0.05978440	      0.02647197	      0.05791242	      0.08034771	      0.03250367	      0.06610201	      0.16795281	      0.06880165	      0.06897315	      0.17045556	      0.06449434
     79.00000000	     85.55555563	      0.00350486	      0.06666161	      0.13454424	      0.17693518	      0.09072633	      0.19503137	      0.07440855	      0.05997406	      0.07503545	      0.15392778	      0.05739210	      0.08251990	      0.05507007	      0.05698303	      0.06408346	      0.06303047	      0.05043992	      0.06209895	      0.05972867	      0.06428054	      0.05550584	      0.06070605	      0.04113306	      0.06599153	      0.06665474	      0.06653758	      0.07028198	      0.07750712	      0.04229977	      0.06486173	      0.06426226	      0.05399008	      0.07450546	      0.20290608	      0.18240482	      0.25554647	      0.11544536	      0.11611974	      0.10298327	      0.05978440	      0.02647197	      0.05791242	      0.08120426	      0.03250367	      0.06754159	      0.16800912	      0.06848439	      0.06897315	      0.17036707	      0.06449434
     80.00000000	     87.77777785	      0.00350486	      0.06666161	      0.13569770	      0.17658683	      0.09072633	      0.19503137	      0.07390110	      0.05908681	      0.07584767	      0.15469430	      0.05739210	      0.08251990	      0.05507007	      0.05698303	      0.06408346	      0.06303047	      0.05043992	      0.06209895	      0.05972867	      0.06428054	      0.05550584	      0.06070605	      0.04113306	      0.06599153	      0.06665474	      0.06653758	      0.07028198	      0.07750712	      0.04229977	      0.06486173	      0.06426226	      0.05399008	      0.07478881	      0.20299777	      0.18266579	      0.25593987	      0.11522848	      0.11598271	      0.10285268	      0.05978440	      0.02647197	      0.05791242	      0.08208127	      0.03250367	      0.06898747	      0.16804683	      0.06816215	      0.06897315	      0.17024207	      0.06449434
     81.00000000	     90.00000008	      0.00350486	      0.06666161	      0.13690313	      0.17627410	      0.09072633	      0.19503137	      0.07343533	      0.05824527	      0.07667430	      0.15543128	      0.05739210	      0.08251990	      0.05507007	      0.05698303	      0.06408346	      0.06303047	      0.05043992	      0.06209895	      0.05972867	      0.06428054	      0.05550584	      0.06070605	      0.04113306	      0.06599153	      0.06665474	      0.06653758	      0.07028198	      0.07750712	      0.04229977	      0.06486173	      0.06426226	      0.05399008	      0.07506849	      0.20307645	      0.18291048	      0.25632307	      0.11500591	      0.11584008	      0.10272235	      0.05978440	      0.02647197	      0.05791242	      0.08297879	      0.03250367	      0.07043824	      0.16806639	      0.06783434	      0.06897315	      0.17008032	      0.06449434
     82.00000000	     92.22222230	      0.00350486	      0.06666161	      0.13814969	      0.17599683	      0.09072633	      0.19503137	      0.07301226	      0.05745070	      0.07751426	      0.15613238	      0.05739210	      0.08251990	      0.05507007	      0.05698303	      0.06408346	      0.06303047	      0.05043992	      0.06209895	      0.05972867	      0.06428054	      0.05550584	      0.06070605	      0.04113306	      0.06599153	      0.06665474	      0.06653758	      0.07028198	      0.07750712	      0.04229977	      0.06486173	      0.06426226	      0.05399008	      0.07534091	      0.20314262	      0.18313926	      0.25669596	      0.11477480	      0.11569019	      0.10259122	      0.05978440	      0.02647197	      0.05791242	      0.08389672	      0.03250367	      0.07189268	      0.16803944	      0.06750079	      0.06897315	      0.16988169	      0.06449434
     83.00000000	     94.44444453	      0.00350486	      0.06666161	      0.13942772	      0.17575474	      0.09072633	      0.19503137	      0.07263286	      0.05670453	      0.07836640	      0.15679070	      0.05739210	      0.08251990	      0.05507007	      0.05698303	      0.06408346	      0.06303047	      0.05043992	      0.06209895	      0.05972867	      0.06428054	      0.05550584	      0.06070605	      0.04113306	      0.06599153	      0.06665474	      0.06653758	      0.07028198	      0.07750712	      0.04229977	      0.06486173	      0.06426226	      0.05399008	      0.07560253	      0.20319681	      0.18335248	      0.25705834	      0.11453243	      0.11555399	      0.10246504	      0.05978440	      0.02647197	      0.05791242	      0.08483500	      0.03250367	      0.07334892	      0.16802189	      0.06716128	      0.06897315	      0.16964613	      0.06449434
     84.00000000	     96.66666676	      0.00350486	      0.06666161	      0.14072845	      0.17554744	      0.09072633	      0.19503137	      0.07229801	      0.05600840	      0.07922946	      0.15739887	      0.05739210	      0.08251990	      0.05507007	      0.05698303	      0.06408346	      0.06303047	      0.05043992	      0.06209895	      0.05972867	      0.06428054	      0.05550584	      0.06070605	      0.04113306	      0.06599153	      0.06665474	      0.06653758	      0.07028198	      0.07750712	      0.04229977	      0.06486173	      0.06426226	      0.05399008	      0.07585028	      0.20323967	      0.18355049	      0.25741065	      0.11427620	      0.11545354	      0.10237345	      0.05978440	      0.02647197	      0.05791242	      0.08579361	      0.03250367	      0.07480544	      0.16798759	      0.06681522	      0.06897315	      0.16937370	      0.06449434
     85.00000000	     98.88888898	      0.00350486	      0.06666161	      0.14204462	      0.17537446	      0.09072633	      0.19503137	      0.07200849	      0.05536405	      0.08010222	      0.15794913	      0.05739210	      0.08251990	      0.05507007	      0.05698303	      0.06408346	      0.06303047	      0.05043992	      0.06209895	      0.05972867	      0.06428054	      0.05550584	      0.06070605	      0.04113306	      0.06599153	      0.06665474	      0.06653758	      0.07028198	      0.07750712	      0.04229977	      0.06486173	      0.06426226	      0.05399008	      0.07608010	      0.20327180	      0.18373370	      0.25775275	      0.11400371	      0.11539285	      0.10232185	      0.05978440	      0.02647197	      0.05791242	      0.08677273	      0.03250367	      0.07626005	      0.16793702	      0.06646316	      0.06897315	      0.16906455	      0.06449434
     86.00000000	    101.11111121	      0.00350486	      0.06666161	      0.14336917	      0.17523526	      0.09072633	      0.19503137	      0.07176503	      0.05477333	      0.08098333	      0.15843375	      0.05739210	      0.08251990	      0.05507007	      0.05698303	      0.06408346	      0.06303047	      0.05043992	      0.06209895	      0.05972867	      0.06428054	      0.05550584	      0.06070605	      0.04113306	      0.06599153	      0.06665474	      0.06653758	      0.07028198	      0.07750712	      0.04229977	      0.06486173	      0.06426226	      0.05399008	      0.07628900	      0.20329367	      0.18390244	      0.25808462	      0.11371271	      0.11537656	      0.10231252	      0.05978440	      0.02647197	      0.05791242	      0.08777201	      0.03250367	      0.07771092	      0.16787077	      0.06610441	      0.06897315	      0.16871893	      0.06449434
     87.00000000	    103.33333343	      0.00350486	      0.06666161	      0.14469588	      0.17512919	      0.09072633	      0.19503137	      0.07156825	      0.05423817	      0.08187142	      0.15884543	      0.05739210	      0.08251990	      0.05507007	      0.05698303	      0.06408346	      0.06303047	      0.05043992	      0.06209895	      0.05972867	      0.06428054	      0.05550584	      0.06070605	      0.04113306	      0.06599153	      0.06665474	      0.06653758	      0.07028198	      0.07750712	      0.04229977	      0.06486173	      0.06426226	      0.05399008	      0.07647387	      0.20330587	      0.18405694	      0.25840637	      0.11340116	      0.11539857	      0.10234785	      0.05978440	      0.02647197	      0.05791242	      0.08879192	      0.03250367	      0.07915585	      0.16778923	      0.06573957	      0.06897315	      0.16833721	      0.06449434
     88.00000000	    105.55555566	      0.00350486	      0.06666161	      0.14601914	      0.17505558	      0.09072633	      0.19503137	      0.07141872	      0.05376052	      0.08276512	      0.15917749	      0.05739210	      0.08251990	      0.05507007	      0.05698303	      0.06408346	      0.06303047	      0.05043992	      0.06209895	      0.05972867	      0.06428054	      0.05550584	      0.06070605	      0.04113306	      0.06599153	      0.06665474	      0.06653758	      0.07028198	      0.07750712	      0.04229977	      0.06486173	      0.06426226	      0.05399008	      0.07663188	      0.20330889	      0.18419791	      0.25871801	      0.11306722	      0.11548166	      0.10243036	      0.05978440	      0.02647197	      0.05791242	      0.08983313	      0.03250367	      0.08059058	      0.16769302	      0.06536788	      0.06897315	      0.16791985	      0.06449434
     89.00000000	    107.77777788	      0.00350486	      0.06666161	      0.14733384	      0.17501369	      0.09072633	      0.19503137	      0.07131692	      0.05334237	      0.08366297	      0.15942442	      0.05739210	      0.08251990	      0.05507007	      0.05698303	      0.06408346	      0.06303047	      0.05043992	      0.06209895	      0.05972867	      0.06428054	      0.05550584	      0.06070605	      0.04113306	      0.06599153	      0.06665474	      0.06653758	      0.07028198	      0.07750712	      0.04229977	      0.06486173	      0.06426226	      0.05399008	      0.07676033	      0.20330328	      0.18432563	      0.25901968	      0.11270930	      0.11562514	      0.10255556	      0.05978440	      0.02647197	      0.05791242	      0.09089601	      0.03250367	      0.08201348	      0.16758250	      0.06499016	      0.06897315	      0.16746742	      0.06449434
     90.00000000	    110.00000011	      0.00350486	      0.06666161	      0.14863531	      0.17500272	      0.09072633	      0.19503137	      0.07126322	      0.05298623	      0.08456354	      0.15958231	      0.05739210	      0.08251990	      0.05507007	      0.05698303	      0.06408346	      0.06303047	      0.05043992	      0.06209895	      0.05972867	      0.06428054	      0.05550584	      0.06070605	      0.04113306	      0.06599153	      0.06665474	      0.06653758	      0.07028198	      0.07750712	      0.04229977	      0.06486173	      0.06426226	      0.05399008	      0.07685687	      0.20328941	      0.18444041	      0.25931135	      0.11232600	      0.11583590	      0.10273728	      0.05978440	      0.02647197	      0.05791242	      0.09198132	      0.03250367	      0.08342345	      0.16745835	      0.06460587	      0.06897315	      0.16698062	      0.06449434
     91.00000000	    112.22222233	      0.00350486	      0.06666161	      0.15401162	      0.17502188	      0.09072633	      0.19503137	      0.07125796	      0.05269424	      0.08546534	      0.15964911	      0.05739210	      0.08251990	      0.05507007	      0.05698303	      0.06408346	      0.06303047	      0.05043992	      0.06209895	      0.05972867	      0.06428054	      0.05550584	      0.06070605	      0.04113306	      0.06599153	      0.06665474	      0.06653758	      0.07028198	      0.07750712	      0.04229977	      0.06486173	      0.06426226	      0.05399008	      0.07691941	      0.20326775	      0.18454265	      0.25959325	      0.11191707	      0.11612080	      0.10297346	      0.05978440	      0.02647197	      0.05791242	      0.09308610	      0.03250367	      0.08481915	      0.16732081	      0.06421588	      0.06897315	      0.16646021	      0.06449434
     92.00000000	    114.44444456	      0.00350486	      0.06666161	      0.15561807	      0.17507033	      0.09072633	      0.19503137	      0.07130137	      0.05246763	      0.08636687	      0.15962474	      0.05739210	      0.08251990	      0.05507007	      0.05698303	      0.06408346	      0.06303047	      0.05043992	      0.06209895	      0.05972867	      0.06428054	      0.05550584	      0.06070605	      0.04113306	      0.06599153	      0.06665474	      0.06653758	      0.07028198	      0.07750712	      0.04229977	      0.06486173	      0.06426226	      0.05399008	      0.07694619	      0.20323868	      0.18463275	      0.25986534	      0.11151192	      0.11648639	      0.10326652	      0.05978440	      0.02647197	      0.05791242	      0.09421001	      0.03250367	      0.08619998	      0.16717059	      0.06381973	      0.06897315	      0.16590710	      0.06449434
     93.00000000	    116.66666679	      0.00350486	      0.06666161	      0.15724036	      0.17514722	      0.09072633	      0.19503137	      0.07139358	      0.05230752	      0.08726663	      0.15951104	      0.05739210	      0.08251990	      0.05507007	      0.05698303	      0.06408346	      0.06303047	      0.05043992	      0.06209895	      0.05972867	      0.06428054	      0.05550584	      0.06070605	      0.04113306	      0.06599153	      0.06665474	      0.06653758	      0.07028198	      0.07750712	      0.04229977	      0.06486173	      0.06426226	      0.05399008	      0.07693575	      0.20320265	      0.18471109	      0.26012758	      0.11112986	      0.11693861	      0.10361923	      0.05978440	      0.02647197	      0.05791242	      0.09535158	      0.03250367	      0.08756450	      0.16700784	      0.06341839	      0.06897315	      0.16532228	      0.06449434
     94.00000000	    118.88888901	      0.00350486	      0.06666161	      0.15886320	      0.17525171	      0.09072633	      0.19503137	      0.07153466	      0.05221507	      0.08816310	      0.15931143	      0.05739210	      0.08251990	      0.05507007	      0.05698303	      0.06408346	      0.06303047	      0.05043992	      0.06209895	      0.05972867	      0.06428054	      0.05550584	      0.06070605	      0.04113306	      0.06599153	      0.06665474	      0.06653758	      0.07028198	      0.07750712	      0.04229977	      0.06486173	      0.06426226	      0.05399008	      0.07688699	      0.20315989	      0.18477797	      0.26038047	      0.11077905	      0.11748221	      0.10403380	      0.05978440	      0.02647197	      0.05791242	      0.09650957	      0.03250367	      0.08891152	      0.16683357	      0.06301174	      0.06897315	      0.16470685	      0.06449434
     95.00000000	    121.11111124	      0.00350486	      0.06666161	      0.16047698	      0.17538297	      0.09072633	      0.19503137	      0.07172458	      0.05219151	      0.08905477	      0.15903058	      0.05739210	      0.08251990	      0.05507007	      0.05698303	      0.06408346	      0.06303047	      0.05043992	      0.06209895	      0.05972867	      0.06428054	      0.05550584	      0.06070605	      0.04113306	      0.06599153	      0.06665474	      0.06653758	      0.07028198	      0.07750712	      0.04229977	      0.06486173	      0.06426226	      0.05399008	      0.07679911	      0.20311077	      0.18483375	      0.26062389	      0.11046771	      0.11812019	      0.10451204	      0.05978440	      0.02647197	      0.05791242	      0.09768253	      0.03250367	      0.09023983	      0.16664798	      0.06260019	      0.06897315	      0.16406202	      0.06449434
     96.00000000	    123.33333346	      0.00350486	      0.06666161	      0.16207434	      0.17554017	      0.09072633	      0.19503137	      0.07196319	      0.05223808	      0.08994012	      0.15867394	      0.05739210	      0.08251990	      0.05507007	      0.05698303	      0.06408346	      0.06303047	      0.05043992	      0.06209895	      0.05972867	      0.06428054	      0.05550584	      0.06070605	      0.04113306	      0.06599153	      0.06665474	      0.06653758	      0.07028198	      0.07750712	      0.04229977	      0.06486173	      0.06426226	      0.05399008	      0.07667163	      0.20305556	      0.18487880	      0.26085800	      0.11021774	      0.11885354	      0.10505585	      0.05978440	      0.02647197	      0.05791242	      0.09886896	      0.03250367	      0.09154783	      0.16645165	      0.06218450	      0.06897315	      0.16338910	      0.06449434
     97.00000000	    125.55555569	      0.00350486	      0.06666161	      0.16364861	      0.17572250	      0.09072633	      0.19503137	      0.07225028	      0.05235598	      0.09081765	      0.15824801	      0.05739210	      0.08251990	      0.05507007	      0.05698303	      0.06408346	      0.06303047	      0.05043992	      0.06209895	      0.05972867	      0.06428054	      0.05550584	      0.06070605	      0.04113306	      0.06599153	      0.06665474	      0.06653758	      0.07028198	      0.07750712	      0.04229977	      0.06486173	      0.06426226	      0.05399008	      0.07650403	      0.20299455	      0.18491345	      0.26108285	      0.11005103	      0.11968105	      0.10566640	      0.05978440	      0.02647197	      0.05791242	      0.10006737	      0.03250367	      0.09283439	      0.16624494	      0.06176455	      0.06897315	      0.16268951	      0.06449434
     98.00000000	    127.77777791	      0.00350486	      0.06666161	      0.16519484	      0.17592919	      0.09072633	      0.19503137	      0.07258550	      0.05254643	      0.09168588	      0.15775858	      0.05739210	      0.08251990	      0.05507007	      0.05698303	      0.06408346	      0.06303047	      0.05043992	      0.06209895	      0.05972867	      0.06428054	      0.05550584	      0.06070605	      0.04113306	      0.06599153	      0.06665474	      0.06653758	      0.07028198	      0.07750712	      0.04229977	      0.06486173	      0.06426226	      0.05399008	      0.07629727	      0.20292787	      0.18493794	      0.26129859	      0.11000182	      0.12059936	      0.10634413	      0.05978440	      0.02647197	      0.05791242	      0.10127589	      0.03250367	      0.09409603	      0.16602842	      0.06134157	      0.06897315	      0.16196427	      0.06449434
     99.00000000	    130.00000014	      0.00350486	      0.06666161	      0.16670821	      0.17615951	      0.09072633	      0.19503137	      0.07296842	      0.05281070	      0.09254337	      0.15721057	      0.05739210	      0.08251990	      0.05507007	      0.05698303	      0.06408346	      0.06303047	      0.05043992	      0.06209895	      0.05972867	      0.06428054	      0.05550584	      0.06070605	      0.04113306	      0.06599153	      0.06665474	      0.06653758	      0.07028198	      0.07750712	      0.04229977	      0.06486173	      0.06426226	      0.05399008	      0.07605125	      0.20285578	      0.18495260	      0.26150536	      0.11011822	      0.12160340	      0.10708935	      0.05978440	      0.02647197	      0.05791242	      0.10249218	      0.03250367	      0.09532577	      0.16580257	      0.06091528	      0.06897315	      0.16121310	      0.06449434
