UNKNOWN
version=1
nRows=100
nColumns=52
inDegrees=no
endheader
time	elv_angle	ANC	APL	BIClong	BICshort	BRA	BRD	CORB	DELT1	DELT2	DELT3	ECRB	ECRL	ECU	EDCI	EDCL	EDCM	EDCR	EDM	EIP	EPB	EPL	FCR	FCU	FDPI	FDPL	FDPM	FDPR	FDSI	FDSL	FDSM	FDSR	FPL	INFSP	LAT1	LAT2	LAT3	PECM1	PECM2	PECM3	PL	PQ	PT	SUBSC	SUP	SUPSP	TMAJ	TMIN	TRIlat	TRIlong	TRImed
      0.00000000	    -90.00000018	      0.00000000	     -0.00000000	     -0.01239913	     -0.01314610	      0.00000000	      0.00000000	     -0.01385592	     -0.01776015	      0.02504360	      0.01129879	     -0.00000000	     -0.00000000	      0.00000000	     -0.00000000	      0.00000000	      0.00000000	     -0.00000000	     -0.00000000	      0.00000000	     -0.00000000	     -0.00000000	      0.00000000	      0.00000000	      0.00000000	      0.00000000	     -0.00000000	      0.00000000	      0.00000000	      0.00000000	     -0.00000000	      0.00000000	     -0.00000000	     -0.03252297	     -0.00747785	     -0.00220936	      0.00647096	     -0.02522378	     -0.01856719	     -0.01551878	      0.00000000	     -0.00000000	     -0.00000000	      0.01164381	     -0.00000000	     -0.00441025	     -0.01203139	     -0.03015035	     -0.00000000	     -0.00599969	     -0.00000000
      1.00000000	    -87.77777796	     -0.00000000	      0.00000000	     -0.01315795	     -0.01236536	     -0.00000000	     -0.00000000	     -0.01282540	     -0.01668300	      0.02532790	      0.00597460	      0.00000000	      0.00000000	      0.00000000	      0.00000000	      0.00000000	      0.00000000	      0.00000000	      0.00000000	      0.00000000	      0.00000000	      0.00000000	     -0.00000000	      0.00000000	     -0.00000000	      0.00000000	      0.00000000	      0.00000000	      0.00000000	     -0.00000000	      0.00000000	      0.00000000	      0.00000000	     -0.03205931	     -0.00844178	     -0.00292684	     -0.00094900	     -0.02357305	     -0.01727377	     -0.01418094	      0.00000000	     -0.00000000	     -0.00000000	      0.00993799	      0.00000000	     -0.00298354	     -0.01274137	      0.00157705	     -0.00000000	     -0.00636285	     -0.00000000
      2.00000000	    -85.55555573	     -0.00000000	      0.00000000	     -0.01388705	     -0.01156179	      0.00000000	      0.00000000	     -0.01178059	     -0.01564392	      0.02557463	      0.00062924	      0.00000000	      0.00000000	     -0.00000000	     -0.00000000	     -0.00000000	     -0.00000000	     -0.00000000	     -0.00000000	     -0.00000000	      0.00000000	     -0.00000000	     -0.00000000	     -0.00000000	     -0.00000000	     -0.00000000	     -0.00000000	     -0.00000000	     -0.00000000	     -0.00000000	     -0.00000000	     -0.00000000	     -0.00000000	     -0.03152630	     -0.00940323	     -0.00366100	     -0.00131128	     -0.02271455	     -0.01590319	     -0.01282639	     -0.00000000	     -0.00000000	     -0.00000000	      0.00820003	     -0.00000000	     -0.00141508	     -0.01343754	      0.00128979	      0.00000000	     -0.00673102	      0.00000000
      3.00000000	    -83.33333351	      0.00000000	     -0.00000000	     -0.01458376	     -0.01073694	      0.00000000	     -0.00000000	     -0.01072294	     -0.01464404	      0.02578334	     -0.00462866	     -0.00000000	      0.00000000	      0.00000000	      0.00000000	     -0.00000000	      0.00000000	      0.00000000	      0.00000000	     -0.00000000	      0.00000000	      0.00000000	     -0.00000000	      0.00000000	      0.00000000	      0.00000000	      0.00000000	      0.00000000	      0.00000000	      0.00000000	     -0.00000000	      0.00000000	      0.00000000	     -0.03090747	     -0.01033862	     -0.00440947	     -0.00168812	     -0.02213480	     -0.01445430	     -0.01145804	      0.00000000	      0.00000000	      0.00000000	      0.00645251	      0.00000000	      0.00028634	     -0.01411772	      0.00105227	     -0.00000000	     -0.00710568	     -0.00000000
      4.00000000	    -81.11111128	      0.00000000	      0.00000000	     -0.01524518	     -0.00989240	      0.00000000	      0.00000000	     -0.00965388	     -0.01368449	      0.02595359	     -0.00969607	      0.00000000	      0.00000000	     -0.00000000	     -0.00000000	      0.00000000	     -0.00000000	      0.00000000	     -0.00000000	      0.00000000	      0.00000000	      0.00000000	      0.00000000	     -0.00000000	      0.00000000	      0.00000000	      0.00000000	      0.00000000	     -0.00000000	      0.00000000	      0.00000000	      0.00000000	     -0.00000000	     -0.03016875	     -0.01128704	     -0.00516986	     -0.00207892	     -0.02145263	     -0.01292722	     -0.01007888	      0.00000000	     -0.00000000	     -0.00000000	      0.00471948	      0.00000000	      0.00210614	     -0.01477981	      0.00086279	      0.00000000	     -0.00748819	      0.00000000
      5.00000000	    -78.88888906	      0.00000000	     -0.00000000	     -0.01586819	     -0.00902979	     -0.00000000	      0.00000000	     -0.00857485	      0.00297936	      0.02608502	     -0.01448420	     -0.00000000	     -0.00000000	     -0.00000000	     -0.00000000	     -0.00000000	     -0.00000000	     -0.00000000	     -0.00000000	     -0.00000000	     -0.00000000	     -0.00000000	     -0.00000000	     -0.00000000	     -0.00000000	     -0.00000000	     -0.00000000	     -0.00000000	     -0.00000000	     -0.00000000	      0.00000000	     -0.00000000	     -0.00000000	     -0.02927158	     -0.01222083	     -0.00595032	     -0.00248297	     -0.02065600	     -0.01132379	     -0.00869195	     -0.00000000	     -0.00000000	     -0.00000000	      0.00302539	     -0.00000000	      0.00402505	     -0.01542450	      0.00073929	      0.00000000	     -0.00787969	      0.00000000
      6.00000000	    -76.66666683	      0.00000000	      0.00000000	     -0.01644937	     -0.00815077	      0.00000000	     -0.00000000	     -0.00748728	      0.00391697	      0.02617731	      0.02782164	      0.00000000	      0.00000000	     -0.00000000	      0.00000000	      0.00000000	      0.00000000	      0.00000000	      0.00000000	      0.00000000	      0.00000000	      0.00000000	      0.00000000	      0.00000000	      0.00000000	      0.00000000	      0.00000000	      0.00000000	      0.00000000	      0.00000000	      0.00000000	      0.00000000	      0.00000000	     -0.02811459	     -0.01314021	     -0.00672930	     -0.00289898	     -0.01973173	     -0.00964788	     -0.00730038	      0.00000000	      0.00000000	      0.00000000	      0.00139379	      0.00000000	      0.00601893	     -0.01604869	      0.00064170	      0.00000000	     -0.00828115	      0.00000000
      7.00000000	    -74.44444461	      0.00000000	      0.00000000	     -0.01698496	     -0.00725700	      0.00000000	      0.00000000	     -0.00639263	      0.00484386	      0.02623021	      0.02502404	      0.00000000	      0.00000000	      0.00000000	      0.00000000	      0.00000000	      0.00000000	      0.00000000	      0.00000000	      0.00000000	      0.00000000	     -0.00000000	      0.00000000	     -0.00000000	      0.00000000	      0.00000000	      0.00000000	      0.00000000	      0.00000000	      0.00000000	      0.00000000	      0.00000000	      0.00000000	     -0.02635462	     -0.01403883	     -0.00751273	     -0.00332670	     -0.01866558	     -0.00790569	     -0.00590733	      0.00000000	     -0.00000000	      0.00000000	     -0.00015381	      0.00000000	      0.00806019	     -0.01665075	      0.00058652	      0.00000000	     -0.00869336	      0.00000000
      8.00000000	    -72.22222238	     -0.00000000	     -0.00000000	     -0.01747079	     -0.00635019	     -0.00000000	      0.00000000	     -0.00529230	      0.00576604	      0.02624350	      0.02495173	     -0.00000000	      0.00000000	     -0.00000000	     -0.00000000	     -0.00000000	     -0.00000000	      0.00000000	     -0.00000000	      0.00000000	     -0.00000000	      0.00000000	      0.00000000	     -0.00000000	     -0.00000000	     -0.00000000	      0.00000000	     -0.00000000	     -0.00000000	     -0.00000000	     -0.00000000	     -0.00000000	     -0.00000000	     -0.01942743	     -0.01493913	     -0.00829829	     -0.00376488	     -0.01744240	     -0.00610597	     -0.00451603	     -0.00000000	      0.00000000	      0.00000000	     -0.00159894	      0.00000000	      0.01011952	     -0.01722975	      0.00057410	      0.00000000	     -0.00911687	      0.00000000
      9.00000000	    -70.00000015	      0.00000000	     -0.00000000	     -0.01790590	     -0.00543207	      0.00000000	     -0.00000000	     -0.00418775	      0.00668631	      0.02621704	      0.01937269	     -0.00000000	     -0.00000000	     -0.00000000	     -0.00000000	     -0.00000000	     -0.00000000	     -0.00000000	     -0.00000000	     -0.00000000	      0.00000000	     -0.00000000	     -0.00000000	      0.00000000	     -0.00000000	     -0.00000000	     -0.00000000	     -0.00000000	     -0.00000000	     -0.00000000	     -0.00000000	     -0.00000000	      0.00000000	     -0.00641841	     -0.01579148	     -0.00908383	     -0.00421260	     -0.01604787	     -0.00426012	     -0.00312974	     -0.00000000	     -0.00000000	      0.00000000	     -0.00292687	     -0.00000000	      0.01216791	     -0.01778421	      0.00060313	     -0.00000000	     -0.00955204	     -0.00000000
     10.00000000	    -67.77777793	      0.00000000	      0.00000000	     -0.01829898	     -0.00450437	      0.00000000	     -0.00000000	     -0.00309739	      0.00760508	      0.02615074	      0.01351104	      0.00000000	      0.00000000	      0.00000000	      0.00000000	     -0.00000000	      0.00000000	     -0.00000000	      0.00000000	      0.00000000	      0.00000000	      0.00000000	      0.00000000	      0.00000000	      0.00000000	     -0.00000000	     -0.00000000	     -0.00000000	      0.00000000	      0.00000000	      0.00000000	      0.00000000	      0.00000000	     -0.00022011	     -0.01661161	     -0.00986572	     -0.00466862	     -0.01446324	     -0.00238201	     -0.00175211	      0.00000000	     -0.00000000	     -0.00000000	     -0.00412698	      0.00000000	      0.01417927	     -0.01831399	     -0.00004999	      0.00000000	     -0.00999898	      0.00000000
     11.00000000	    -65.55555570	      0.00000000	      0.00000000	     -0.01865004	     -0.00356885	     -0.00000000	      0.00000000	     -0.00199281	      0.00852836	      0.02604455	      0.00765405	      0.00000000	      0.00000000	     -0.00000000	      0.00000000	      0.00000000	      0.00000000	      0.00000000	      0.00000000	      0.00000000	      0.00000000	      0.00000000	      0.00000000	     -0.00000000	      0.00000000	      0.00000000	      0.00000000	      0.00000000	     -0.00000000	     -0.00000000	      0.00000000	      0.00000000	     -0.00000000	      0.00407153	     -0.01739863	     -0.01064140	     -0.00513216	     -0.01267414	     -0.00048779	     -0.00038542	      0.00000000	     -0.00000000	      0.00000000	     -0.00519279	     -0.00000000	      0.01612799	     -0.01881940	     -0.00002375	     -0.00000000	     -0.01045758	     -0.00000000
     12.00000000	    -63.33333348	     -0.00000000	     -0.00000000	     -0.01895999	     -0.00262727	      0.00000000	      0.00000000	     -0.00087690	      0.00946030	      0.02589850	      0.00197126	      0.00000000	      0.00000000	      0.00000000	     -0.00000000	      0.00000000	      0.00000000	      0.00000000	      0.00000000	      0.00000000	      0.00000000	     -0.00000000	     -0.00000000	     -0.00000000	      0.00000000	     -0.00000000	      0.00000000	      0.00000000	      0.00000000	      0.00000000	     -0.00000000	      0.00000000	      0.00000000	      0.00738201	     -0.01814996	     -0.01140912	     -0.00560146	     -0.01062496	      0.00140470	      0.00097635	      0.00000000	      0.00000000	      0.00000000	     -0.00612165	     -0.00000000	      0.01799844	     -0.01929554	      0.00002468	      0.00000000	     -0.01092752	      0.00000000
     13.00000000	    -61.11111125	      0.00000000	     -0.00000000	     -0.01923328	     -0.00168141	      0.00000000	     -0.00000000	      0.00024378	      0.01040370	      0.02571268	     -0.00341021	     -0.00000000	     -0.00000000	     -0.00000000	     -0.00000000	     -0.00000000	     -0.00000000	     -0.00000000	     -0.00000000	     -0.00000000	     -0.00000000	      0.00000000	     -0.00000000	     -0.00000000	     -0.00000000	     -0.00000000	     -0.00000000	     -0.00000000	     -0.00000000	     -0.00000000	     -0.00000000	     -0.00000000	     -0.00000000	      0.01006303	     -0.01886205	     -0.01216528	     -0.00607621	     -0.00831344	      0.00327655	      0.00233685	     -0.00000000	     -0.00000000	      0.00000000	     -0.00691435	     -0.00000000	      0.01977572	     -0.01974273	      0.00009623	     -0.00000000	     -0.01140821	     -0.00000000
     14.00000000	    -58.88888903	      0.00000000	      0.00000000	     -0.01948517	     -0.00073306	      0.00000000	      0.00000000	      0.00136216	      0.01136043	      0.02548722	     -0.00840645	      0.00000000	      0.00000000	      0.00000000	      0.00000000	      0.00000000	      0.00000000	      0.00000000	      0.00000000	      0.00000000	      0.00000000	      0.00000000	      0.00000000	      0.00000000	      0.00000000	      0.00000000	      0.00000000	      0.00000000	      0.00000000	      0.00000000	      0.00000000	      0.00000000	      0.00000000	      0.01229837	     -0.01953533	     -0.01290764	     -0.00655476	     -0.00572215	      0.00510851	      0.00366828	      0.00000000	      0.00000000	      0.00000000	     -0.00757448	      0.00000000	      0.02145122	     -0.02016161	      0.00019063	      0.00000000	     -0.01189887	      0.00000000
     15.00000000	    -56.66666680	      0.00000000	     -0.00000000	     -0.01976984	      0.00021602	     -0.00000000	      0.00000000	      0.00247087	      0.01233402	      0.02522233	     -0.01296677	      0.00000000	      0.00000000	      0.00000000	      0.00000000	      0.00000000	      0.00000000	      0.00000000	      0.00000000	     -0.00000000	      0.00000000	      0.00000000	      0.00000000	     -0.00000000	      0.00000000	      0.00000000	      0.00000000	      0.00000000	      0.00000000	      0.00000000	      0.00000000	     -0.00000000	      0.00000000	      0.01419970	     -0.02016677	     -0.01363346	     -0.00703552	     -0.00284213	      0.00688189	      0.00496731	      0.00000000	      0.00000000	      0.00000000	     -0.00810788	      0.00000000	      0.02302020	     -0.02055169	      0.00031001	      0.00000000	     -0.01239849	      0.00000000
     16.00000000	    -54.44444458	     -0.00000000	      0.00000000	     -0.02032506	      0.00116403	     -0.00000000	     -0.00000000	      0.00356246	      0.01332156	      0.02491828	     -0.01707360	      0.00000000	     -0.00000000	      0.00000000	      0.00000000	     -0.00000000	      0.00000000	     -0.00000000	     -0.00000000	     -0.00000000	      0.00000000	      0.00000000	      0.00000000	      0.00000000	      0.00000000	      0.00000000	      0.00000000	      0.00000000	      0.00000000	      0.00000000	      0.00000000	      0.00000000	     -0.00000000	      0.01583474	     -0.02075518	     -0.01434120	     -0.00751787	      0.00031599	      0.00857927	      0.00623070	      0.00000000	     -0.00000000	     -0.00000000	     -0.00852197	     -0.00000000	      0.02448125	     -0.02091126	      0.00043916	      0.00000000	     -0.01290583	      0.00000000
     17.00000000	    -52.22222235	      0.00000000	     -0.00000000	      0.01754792	      0.00210920	      0.00000000	     -0.00000000	      0.00463237	      0.01448542	      0.02457539	     -0.02073155	     -0.00000000	     -0.00000000	     -0.00000000	     -0.00000000	      0.00000000	     -0.00000000	     -0.00000000	     -0.00000000	     -0.00000000	     -0.00000000	     -0.00000000	     -0.00000000	     -0.00000000	     -0.00000000	     -0.00000000	     -0.00000000	     -0.00000000	     -0.00000000	     -0.00000000	     -0.00000000	     -0.00000000	     -0.00000000	      0.01726577	     -0.02129927	     -0.01502841	     -0.00799984	      0.00370861	      0.01018516	      0.00745534	     -0.00000000	     -0.00000000	      0.00000000	     -0.00882534	      0.00000000	      0.02583537	     -0.02124141	      0.00058020	     -0.00000000	     -0.01341945	     -0.00000000
     18.00000000	    -50.00000013	     -0.00000000	      0.00000000	      0.02035695	      0.00304976	     -0.00000000	      0.00000000	      0.00571223	      0.01590130	      0.02419405	     -0.02396041	      0.00000000	     -0.00000000	     -0.00000000	      0.00000000	     -0.00000000	      0.00000000	      0.00000000	      0.00000000	     -0.00000000	     -0.00000000	     -0.00000000	      0.00000000	      0.00000000	      0.00000000	      0.00000000	     -0.00000000	     -0.00000000	      0.00000000	      0.00000000	      0.00000000	      0.00000000	     -0.00000000	      0.01852349	     -0.02179832	     -0.01569169	     -0.00848005	      0.00723339	      0.01168655	      0.00863824	     -0.00000000	     -0.00000000	      0.00000000	     -0.00902720	     -0.00000000	      0.02708520	     -0.02153530	      0.00072668	      0.00000000	     -0.01393773	      0.00000000
     19.00000000	    -47.77777790	      0.00000000	      0.00000000	      0.02147443	      0.00398393	     -0.00000000	      0.00000000	      0.00678261	      0.01728368	      0.02377472	     -0.02686639	     -0.00000000	      0.00000000	     -0.00000000	      0.00000000	      0.00000000	      0.00000000	      0.00000000	      0.00000000	      0.00000000	      0.00000000	     -0.00000000	      0.00000000	     -0.00000000	      0.00000000	      0.00000000	      0.00000000	     -0.00000000	      0.00000000	      0.00000000	      0.00000000	      0.00000000	      0.00000000	      0.01963432	     -0.02224906	     -0.01633002	     -0.00895792	      0.01071665	      0.01307313	      0.00977656	     -0.00000000	      0.00000000	      0.00000000	     -0.00913711	     -0.00000000	      0.02823434	     -0.02180055	      0.00088193	      0.00000000	     -0.01445887	      0.00000000
     20.00000000	    -45.55555567	      0.00000000	     -0.00000000	      0.02229347	      0.00490997	      0.00000000	      0.00000000	      0.00784222	      0.03019264	      0.02331792	     -0.02927559	      0.00000000	      0.00000000	      0.00000000	      0.00000000	      0.00000000	      0.00000000	      0.00000000	      0.00000000	     -0.00000000	      0.00000000	      0.00000000	      0.00000000	      0.00000000	      0.00000000	      0.00000000	      0.00000000	      0.00000000	      0.00000000	      0.00000000	      0.00000000	      0.00000000	      0.00000000	      0.02061788	     -0.02265452	     -0.01694129	     -0.00943175	      0.01382859	      0.01433748	      0.01086760	      0.00000000	     -0.00000000	     -0.00000000	     -0.00916467	      0.00000000	      0.02928676	     -0.02203439	      0.00104842	      0.00000000	     -0.01498089	      0.00000000
     21.00000000	    -43.33333345	     -0.00000000	      0.00000000	      0.02301919	      0.00582615	     -0.00000000	     -0.00000000	      0.00888981	      0.02282640	      0.02282423	     -0.03129144	     -0.00000000	     -0.00000000	     -0.00000000	     -0.00000000	     -0.00000000	     -0.00000000	      0.00000000	     -0.00000000	      0.00000000	      0.00000000	     -0.00000000	     -0.00000000	      0.00000000	     -0.00000000	      0.00000000	     -0.00000000	     -0.00000000	     -0.00000000	     -0.00000000	     -0.00000000	      0.00000000	     -0.00000000	      0.02148889	     -0.02301065	     -0.01752366	     -0.00990057	      0.01612307	      0.01547494	      0.01190882	     -0.00000000	      0.00000000	      0.00000000	     -0.00911937	      0.00000000	      0.03024641	     -0.02223587	      0.00118265	     -0.00000000	     -0.01550168	     -0.00000000
     22.00000000	    -41.11111122	     -0.00000000	      0.00000000	      0.02371016	      0.00673075	      0.00000000	      0.00000000	      0.00992412	      0.02121756	      0.02229431	     -0.03296500	     -0.00000000	     -0.00000000	     -0.00000000	     -0.00000000	     -0.00000000	      0.00000000	     -0.00000000	     -0.00000000	     -0.00000000	      0.00000000	      0.00000000	      0.00000000	     -0.00000000	     -0.00000000	      0.00000000	      0.00000000	      0.00000000	      0.00000000	      0.00000000	     -0.00000000	     -0.00000000	     -0.00000000	      0.02225855	     -0.02332049	     -0.01807621	     -0.01036228	      0.01765235	      0.01648344	      0.01289785	     -0.00000000	     -0.00000000	      0.00000000	     -0.00901043	     -0.00000000	      0.03111694	     -0.02240472	      0.00345681	     -0.00000000	     -0.01601898	     -0.00000000
     23.00000000	    -38.88888900	      0.00000000	     -0.00000000	      0.02438833	      0.00762206	      0.00000000	     -0.00000000	      0.01094394	      0.02245422	      0.02172886	     -0.03433511	     -0.00000000	     -0.00000000	     -0.00000000	     -0.00000000	      0.00000000	     -0.00000000	     -0.00000000	     -0.00000000	      0.00000000	     -0.00000000	     -0.00000000	      0.00000000	     -0.00000000	     -0.00000000	     -0.00000000	     -0.00000000	     -0.00000000	     -0.00000000	     -0.00000000	      0.00000000	     -0.00000000	     -0.00000000	      0.02293545	     -0.02358135	     -0.01859633	     -0.01081569	      0.01871794	      0.01736320	      0.01383250	     -0.00000000	     -0.00000000	     -0.00000000	     -0.00884672	      0.00000000	      0.03190147	     -0.02253870	      0.00377355	      0.00000000	     -0.01653045	      0.00000000
     24.00000000	    -36.66666677	      0.00000000	     -0.00000000	      0.02506231	      0.00849843	      0.00000000	      0.00000000	      0.01194808	      0.02365202	      0.02112867	     -0.03544183	     -0.00000000	     -0.00000000	     -0.00000000	     -0.00000000	     -0.00000000	     -0.00000000	     -0.00000000	     -0.00000000	     -0.00000000	     -0.00000000	     -0.00000000	      0.00000000	     -0.00000000	     -0.00000000	     -0.00000000	     -0.00000000	     -0.00000000	     -0.00000000	     -0.00000000	     -0.00000000	     -0.00000000	     -0.00000000	      0.02352576	     -0.02379547	     -0.01908213	     -0.01126070	      0.01949210	      0.01811637	      0.01471077	     -0.00000000	     -0.00000000	     -0.00000000	     -0.00863674	      0.00000000	      0.03260246	     -0.02264356	      0.00411176	      0.00000000	     -0.01703365	      0.00000000
     25.00000000	    -34.44444455	      0.00000000	      0.00000000	      0.02573609	      0.00935820	      0.00000000	     -0.00000000	      0.01293535	      0.02481019	      0.02049459	     -0.03632846	     -0.00000000	      0.00000000	      0.00000000	      0.00000000	      0.00000000	     -0.00000000	      0.00000000	      0.00000000	      0.00000000	      0.00000000	      0.00000000	      0.00000000	      0.00000000	      0.00000000	      0.00000000	      0.00000000	      0.00000000	      0.00000000	      0.00000000	      0.00000000	      0.00000000	      0.00000000	      0.02403467	     -0.02396209	     -0.01953553	     -0.01169476	      0.02006137	      0.01874668	      0.01553086	      0.00000000	      0.00000000	      0.00000000	     -0.00838859	      0.00000000	      0.03322158	     -0.02271601	      0.00443407	      0.00000000	     -0.01752605	      0.00000000
     26.00000000	    -32.22222232	      0.00000000	     -0.00000000	      0.02640966	      0.01019976	     -0.00000000	      0.00000000	      0.01390462	      0.02592807	      0.01982754	     -0.03704904	     -0.00000000	     -0.00000000	     -0.00000000	      0.00000000	     -0.00000000	     -0.00000000	      0.00000000	      0.00000000	     -0.00000000	     -0.00000000	     -0.00000000	     -0.00000000	     -0.00000000	     -0.00000000	     -0.00000000	     -0.00000000	     -0.00000000	     -0.00000000	     -0.00000000	     -0.00000000	     -0.00000000	      0.00000000	      0.02446568	     -0.02408162	     -0.01995327	     -0.01211775	      0.02047600	      0.01925908	      0.01629119	     -0.00000000	      0.00000000	      0.00000000	     -0.00810996	     -0.00000000	      0.03375971	     -0.02275657	      0.00474462	      0.00000000	     -0.01800511	      0.00000000
     27.00000000	    -30.00000010	      0.00000000	     -0.00000000	      0.02708152	      0.01102154	      0.00000000	      0.00000000	      0.01485477	      0.02700509	      0.01912849	     -0.03768678	     -0.00000000	     -0.00000000	     -0.00000000	     -0.00000000	     -0.00000000	      0.00000000	     -0.00000000	     -0.00000000	     -0.00000000	     -0.00000000	     -0.00000000	      0.00000000	     -0.00000000	     -0.00000000	     -0.00000000	     -0.00000000	     -0.00000000	     -0.00000000	     -0.00000000	     -0.00000000	      0.00000000	     -0.00000000	      0.02482132	     -0.02960413	     -0.02033504	     -0.01252780	      0.02076415	      0.01965943	      0.01699040	     -0.00000000	     -0.00000000	      0.00000000	     -0.00780815	     -0.00000000	      0.03421685	     -0.02276566	      0.00505896	      0.00000000	     -0.01846825	      0.00000000
     28.00000000	    -27.77777787	      0.00000000	     -0.00000000	      0.02773498	      0.01182198	     -0.00000000	      0.00000000	      0.01578469	      0.02804080	      0.01839850	     -0.03819156	     -0.00000000	     -0.00000000	     -0.00000000	     -0.00000000	     -0.00000000	     -0.00000000	     -0.00000000	     -0.00000000	     -0.00000000	     -0.00000000	     -0.00000000	     -0.00000000	     -0.00000000	     -0.00000000	     -0.00000000	     -0.00000000	     -0.00000000	     -0.00000000	     -0.00000000	      0.00000000	     -0.00000000	     -0.00000000	      0.02510323	     -0.02962552	     -0.02068005	     -0.01292410	      0.02094421	      0.01995419	      0.01762735	     -0.00000000	      0.00000000	     -0.00000000	     -0.00749013	     -0.00000000	      0.03459209	     -0.02273937	      0.00536410	      0.00000000	     -0.01891287	      0.00000000
     29.00000000	    -25.55555564	     -0.00000000	     -0.00000000	      0.02834446	      0.01259960	     -0.00000000	     -0.00000000	      0.01669333	      0.02903484	      0.01763866	     -0.03858000	     -0.00000000	     -0.00000000	     -0.00000000	     -0.00000000	      0.00000000	      0.00000000	     -0.00000000	     -0.00000000	     -0.00000000	      0.00000000	     -0.00000000	      0.00000000	      0.00000000	      0.00000000	      0.00000000	      0.00000000	     -0.00000000	      0.00000000	     -0.00000000	     -0.00000000	     -0.00000000	     -0.00000000	      0.02531081	     -0.02957650	     -0.02098584	     -0.01330524	      0.02102969	      0.02029311	      0.01820119	     -0.00000000	     -0.00000000	     -0.00000000	     -0.00716247	     -0.00000000	      0.03488356	     -0.02268675	      0.00566472	     -0.00000000	     -0.01933640	     -0.00000000
     30.00000000	    -23.33333342	      0.00000000	     -0.00000000	      0.02895125	      0.01335292	     -0.00000000	     -0.00000000	      0.01757965	      0.02998697	      0.01685016	     -0.03886554	     -0.00000000	      0.00000000	     -0.00000000	     -0.00000000	     -0.00000000	     -0.00000000	     -0.00000000	     -0.00000000	     -0.00000000	      0.00000000	     -0.00000000	     -0.00000000	      0.00000000	     -0.00000000	      0.00000000	     -0.00000000	     -0.00000000	      0.00000000	     -0.00000000	      0.00000000	     -0.00000000	      0.00000000	      0.02547234	     -0.02946103	     -0.02125574	     -0.01367122	      0.02103012	      0.02082609	      0.01871128	     -0.00000000	      0.00000000	      0.00000000	     -0.00683145	      0.00000000	      0.03508838	     -0.02260385	      0.00595821	     -0.00000000	     -0.01973632	     -0.00000000
     31.00000000	    -21.11111119	     -0.00000000	      0.00000000	      0.02955100	      0.01408054	      0.00000000	     -0.00000000	      0.01844263	      0.03089704	      0.01603424	     -0.03906053	     -0.00000000	      0.00000000	      0.00000000	      0.00000000	     -0.00000000	     -0.00000000	      0.00000000	     -0.00000000	      0.00000000	      0.00000000	      0.00000000	      0.00000000	      0.00000000	      0.00000000	     -0.00000000	     -0.00000000	     -0.00000000	      0.00000000	      0.00000000	     -0.00000000	      0.00000000	      0.00000000	      0.02556625	     -0.02928305	     -0.02556801	     -0.01402053	      0.02095173	      0.02128540	      0.01915728	      0.00000000	      0.00000000	      0.00000000	     -0.00650305	      0.00000000	      0.03520262	     -0.02881885	      0.00629934	     -0.00000000	     -0.02011015	     -0.00000000
     32.00000000	    -18.88888897	      0.00000000	     -0.00000000	      0.03013889	      0.01478110	      0.00000000	      0.00000000	      0.01928130	      0.03176502	      0.01519218	     -0.03917276	     -0.00000000	      0.00000000	      0.00000000	     -0.00000000	     -0.00000000	     -0.00000000	     -0.00000000	      0.00000000	     -0.00000000	     -0.00000000	      0.00000000	      0.00000000	      0.00000000	      0.00000000	      0.00000000	     -0.00000000	     -0.00000000	      0.00000000	      0.00000000	     -0.00000000	      0.00000000	     -0.00000000	      0.02558259	     -0.02904645	     -0.02571208	     -0.01435233	      0.02079780	      0.02167049	      0.01953912	      0.00000000	      0.00000000	      0.00000000	     -0.00618293	      0.00000000	      0.03522118	     -0.02857327	     -0.00354912	     -0.00000000	     -0.02045547	     -0.00000000
     33.00000000	    -16.66666674	     -0.00000000	      0.00000000	      0.03071001	      0.01545328	     -0.00000000	     -0.00000000	      0.02009470	      0.03259096	      0.01432534	     -0.03921518	     -0.00000000	      0.00000000	     -0.00000000	     -0.00000000	     -0.00000000	     -0.00000000	     -0.00000000	      0.00000000	     -0.00000000	      0.00000000	     -0.00000000	     -0.00000000	      0.00000000	     -0.00000000	     -0.00000000	     -0.00000000	     -0.00000000	     -0.00000000	      0.00000000	     -0.00000000	     -0.00000000	     -0.00000000	      0.02551348	     -0.02875506	     -0.02579689	     -0.01466600	      0.02082181	      0.02198115	      0.01985701	     -0.00000000	     -0.00000000	     -0.00000000	     -0.00587651	     -0.00000000	      0.03513757	     -0.02828179	      0.00678718	     -0.00000000	     -0.02076997	     -0.00000000
     34.00000000	    -14.44444452	     -0.00000000	      0.00000000	      0.03125959	      0.01609583	      0.00000000	      0.00000000	      0.02088190	      0.03337502	      0.01343515	     -0.03919912	     -0.00000000	     -0.00000000	      0.00000000	      0.00000000	     -0.00000000	      0.00000000	     -0.00000000	     -0.00000000	      0.00000000	      0.00000000	      0.00000000	     -0.00000000	     -0.00000000	     -0.00000000	     -0.00000000	      0.00000000	      0.00000000	      0.00000000	      0.00000000	      0.00000000	     -0.00000000	      0.00000000	      0.02535374	     -0.02841261	     -0.02582494	     -0.01496037	      0.02133526	      0.02221746	      0.02011146	      0.00000000	      0.00000000	     -0.00000000	     -0.00558891	     -0.00000000	      0.03494441	     -0.02794692	      0.00761386	     -0.00000000	     -0.02105145	     -0.00000000
     35.00000000	    -12.22222229	      0.00000000	      0.00000000	      0.03178311	      0.01670756	     -0.00000000	      0.00000000	      0.02164201	      0.03411747	      0.01252306	     -0.03913037	      0.00000000	      0.00000000	     -0.00000000	     -0.00000000	      0.00000000	      0.00000000	      0.00000000	     -0.00000000	     -0.00000000	     -0.00000000	     -0.00000000	      0.00000000	      0.00000000	      0.00000000	      0.00000000	      0.00000000	     -0.00000000	      0.00000000	      0.00000000	     -0.00000000	      0.00000000	     -0.00000000	      0.02511049	     -0.02802277	     -0.02579883	     -0.01523598	      0.02176922	      0.02237987	      0.02030328	     -0.00000000	     -0.00000000	     -0.00000000	     -0.00532500	     -0.00000000	      0.03463237	     -0.02757119	      0.00779756	      0.00000000	     -0.02129782	      0.00000000
     36.00000000	    -10.00000007	     -0.00000000	      0.00000000	      0.03227639	      0.01728734	      0.00000000	     -0.00000000	      0.02237416	      0.03481866	      0.01159058	     -0.03901425	     -0.00000000	      0.00000000	     -0.00000000	      0.00000000	     -0.00000000	      0.00000000	     -0.00000000	     -0.00000000	     -0.00000000	     -0.00000000	      0.00000000	     -0.00000000	      0.00000000	      0.00000000	     -0.00000000	      0.00000000	      0.00000000	      0.00000000	     -0.00000000	      0.00000000	     -0.00000000	      0.00000000	      0.02478394	     -0.02758910	     -0.02572116	     -0.02015642	      0.02212308	      0.02246919	      0.02043360	     -0.00000000	     -0.00000000	     -0.00000000	     -0.00508937	     -0.00000000	      0.03439223	     -0.02715710	      0.00796341	      0.00000000	     -0.02150710	      0.00000000
     37.00000000	     -7.77777784	      0.00000000	      0.00000000	      0.03273558	      0.01783411	      0.00000000	      0.00000000	      0.02307751	      0.03547902	      0.01063930	     -0.03885537	      0.00000000	      0.00000000	     -0.00000000	      0.00000000	     -0.00000000	      0.00000000	     -0.00000000	      0.00000000	      0.00000000	      0.00000000	      0.00000000	      0.00000000	     -0.00000000	      0.00000000	      0.00000000	      0.00000000	      0.00000000	      0.00000000	      0.00000000	      0.00000000	      0.00000000	      0.00000000	      0.02437295	     -0.02711509	     -0.02559459	     -0.02017814	      0.02239655	      0.02248660	      0.02050382	      0.00000000	      0.00000000	     -0.00000000	     -0.00488632	     -0.00000000	      0.03409341	     -0.02670710	      0.00669953	     -0.00000000	     -0.02167749	     -0.00000000
     38.00000000	     -5.55555562	     -0.00000000	      0.00000000	      0.03315707	      0.01834687	     -0.00000000	     -0.00000000	      0.02375126	      0.03609909	      0.00967081	     -0.03865808	     -0.00000000	      0.00000000	     -0.00000000	     -0.00000000	     -0.00000000	      0.00000000	      0.00000000	      0.00000000	      0.00000000	      0.00000000	     -0.00000000	      0.00000000	      0.00000000	      0.00000000	      0.00000000	      0.00000000	     -0.00000000	      0.00000000	      0.00000000	      0.00000000	      0.00000000	      0.00000000	      0.02387785	     -0.02660409	     -0.02542176	     -0.02016161	      0.02258970	      0.02243368	      0.02051569	     -0.00000000	      0.00000000	      0.00000000	     -0.00471984	     -0.00000000	      0.03360029	     -0.02622365	      0.00742821	     -0.00000000	     -0.02180731	     -0.00000000
     39.00000000	     -3.33333339	      0.00000000	      0.00000000	      0.03353743	      0.01882471	     -0.00000000	     -0.00000000	      0.02439460	      0.03667948	      0.00851757	     -0.03842793	      0.00000000	      0.00000000	     -0.00000000	      0.00000000	     -0.00000000	      0.00000000	     -0.00000000	     -0.00000000	     -0.00000000	      0.00000000	      0.00000000	      0.00000000	      0.00000000	      0.00000000	     -0.00000000	      0.00000000	     -0.00000000	     -0.00000000	      0.00000000	      0.00000000	      0.00000000	      0.00000000	      0.02329869	     -0.02605939	     -0.02520532	     -0.02010829	      0.02270300	      0.02231240	      0.02047125	      0.00000000	     -0.00000000	      0.00000000	     -0.00459361	      0.00000000	      0.03289301	     -0.02570914	      0.00806005	      0.00000000	     -0.02189505	      0.00000000
     40.00000000	     -1.11111116	     -0.00000000	     -0.00000000	      0.03387334	      0.01926678	      0.00000000	     -0.00000000	      0.02500680	      0.03722085	      0.00768884	     -0.03816866	      0.00000000	     -0.00000000	      0.00000000	     -0.00000000	      0.00000000	     -0.00000000	      0.00000000	     -0.00000000	     -0.00000000	     -0.00000000	     -0.00000000	      0.00000000	     -0.00000000	      0.00000000	     -0.00000000	      0.00000000	     -0.00000000	     -0.00000000	     -0.00000000	     -0.00000000	     -0.00000000	      0.00000000	      0.02263736	     -0.02548414	     -0.02494790	     -0.02001967	      0.02273731	      0.02212515	      0.02037284	      0.00000000	      0.00000000	     -0.00000000	     -0.00451094	     -0.00000000	      0.03195039	     -0.02516590	      0.00860714	     -0.00000000	     -0.02193938	     -0.00000000
     41.00000000	      1.11111106	     -0.00000000	     -0.00000000	      0.03416144	      0.01967232	     -0.00000000	     -0.00000000	      0.02558712	      0.03772398	      0.00667877	     -0.03783180	     -0.00000000	      0.00000000	     -0.00000000	      0.00000000	      0.00000000	     -0.00000000	      0.00000000	      0.00000000	      0.00000000	     -0.00000000	      0.00000000	      0.00000000	     -0.00000000	     -0.00000000	     -0.00000000	     -0.00000000	     -0.00000000	      0.00000000	     -0.00000000	     -0.00000000	     -0.00000000	     -0.00000000	      0.02189807	     -0.02495352	     -0.02465208	     -0.01989728	      0.02269394	      0.02187473	      0.02022310	      0.00000000	     -0.00000000	     -0.00000000	     -0.00447474	      0.00000000	      0.03075039	     -0.02459624	      0.00907944	     -0.00000000	     -0.02193911	     -0.00000000
     42.00000000	      3.33333329	      0.00000000	     -0.00000000	      0.03439825	      0.02004066	      0.00000000	      0.00000000	      0.02613486	      0.03818966	      0.00565828	     -0.03736792	     -0.00000000	      0.00000000	      0.00000000	      0.00000000	      0.00000000	      0.00000000	      0.00000000	      0.00000000	      0.00000000	     -0.00000000	      0.00000000	      0.00000000	     -0.00000000	     -0.00000000	      0.00000000	      0.00000000	      0.00000000	      0.00000000	      0.00000000	     -0.00000000	      0.00000000	      0.00000000	      0.02120055	     -0.02453466	     -0.02432043	     -0.01974268	      0.02257464	      0.02156437	      0.02002496	     -0.00000000	      0.00000000	      0.00000000	     -0.00448751	      0.00000000	      0.02927103	     -0.02400238	      0.00948462	     -0.00000000	     -0.02189325	     -0.00000000
     43.00000000	      5.55555551	     -0.00000000	      0.00000000	      0.03458004	      0.02037121	     -0.00000000	      0.00000000	      0.02664934	      0.03861875	      0.00462915	     -0.03690681	     -0.00000000	      0.00000000	     -0.00000000	     -0.00000000	     -0.00000000	      0.00000000	      0.00000000	      0.00000000	      0.00000000	      0.00000000	     -0.00000000	      0.00000000	     -0.00000000	     -0.00000000	      0.00000000	     -0.00000000	      0.00000000	      0.00000000	      0.00000000	     -0.00000000	      0.00000000	      0.00000000	      0.02046635	     -0.02408662	     -0.02395545	     -0.01955745	      0.02238164	      0.02119768	      0.01978163	     -0.00000000	      0.00000000	     -0.00000000	     -0.00455128	     -0.00000000	      0.02749160	     -0.02338651	      0.00982794	      0.00000000	     -0.02180097	      0.00000000
     44.00000000	      7.77777774	     -0.00000000	      0.00000000	      0.03470273	      0.02066348	      0.00000000	      0.00000000	      0.02712991	      0.03901217	      0.00359314	     -0.03644874	      0.00000000	     -0.00000000	      0.00000000	      0.00000000	      0.00000000	      0.00000000	      0.00000000	     -0.00000000	      0.00000000	      0.00000000	      0.00000000	      0.00000000	     -0.00000000	      0.00000000	      0.00000000	      0.00000000	      0.00000000	      0.00000000	      0.00000000	      0.00000000	      0.00000000	      0.00000000	      0.01964020	     -0.02361111	     -0.02375788	     -0.01934317	      0.02211766	      0.02077869	      0.01949655	      0.00000000	     -0.00000000	      0.00000000	     -0.00466755	      0.00000000	      0.02539461	     -0.02275072	      0.01011979	     -0.00000000	     -0.02166162	     -0.00000000
     45.00000000	      9.99999996	      0.00000000	     -0.00000000	      0.03476174	      0.02091705	     -0.00000000	     -0.00000000	      0.02757594	      0.03937085	      0.00255207	     -0.03599380	     -0.00000000	      0.00000000	     -0.00000000	     -0.00000000	     -0.00000000	      0.00000000	     -0.00000000	     -0.00000000	      0.00000000	     -0.00000000	      0.00000000	     -0.00000000	     -0.00000000	     -0.00000000	     -0.00000000	     -0.00000000	     -0.00000000	      0.00000000	      0.00000000	     -0.00000000	     -0.00000000	     -0.00000000	      0.01873987	     -0.02310988	     -0.02354299	     -0.01910145	      0.02178592	      0.02031183	      0.01917344	      0.00000000	     -0.00000000	      0.00000000	     -0.00483729	      0.00000000	      0.02296820	     -0.02209705	      0.01034215	      0.00000000	     -0.02147471	      0.00000000
     46.00000000	     12.22222219	     -0.00000000	     -0.00000000	      0.03475189	      0.02113162	      0.00000000	      0.00000000	      0.02798683	      0.03969575	      0.00150772	     -0.03554186	     -0.00000000	      0.00000000	     -0.00000000	     -0.00000000	      0.00000000	     -0.00000000	      0.00000000	     -0.00000000	     -0.00000000	     -0.00000000	     -0.00000000	     -0.00000000	      0.00000000	     -0.00000000	     -0.00000000	     -0.00000000	      0.00000000	     -0.00000000	     -0.00000000	     -0.00000000	      0.00000000	     -0.00000000	      0.01778328	     -0.02258469	     -0.02329904	     -0.01883385	      0.02139014	      0.01980186	      0.01881621	     -0.00000000	      0.00000000	      0.00000000	     -0.00506088	     -0.00000000	      0.02020914	     -0.02142746	      0.01049856	      0.00000000	     -0.02123997	      0.00000000
     47.00000000	     14.44444441	     -0.00000000	      0.00000000	      0.03466720	      0.02130700	      0.00000000	      0.00000000	      0.02836199	      0.03998785	      0.00046188	     -0.03509264	      0.00000000	      0.00000000	      0.00000000	      0.00000000	      0.00000000	      0.00000000	      0.00000000	      0.00000000	      0.00000000	      0.00000000	      0.00000000	     -0.00000000	      0.00000000	      0.00000000	      0.00000000	      0.00000000	     -0.00000000	      0.00000000	      0.00000000	      0.00000000	      0.00000000	     -0.00000000	      0.01678667	     -0.02203730	     -0.02302725	     -0.01854195	      0.02093455	      0.01925390	      0.01842895	      0.00000000	     -0.00000000	     -0.00000000	     -0.00533807	      0.00000000	      0.01712608	     -0.02074382	      0.01059550	      0.00000000	     -0.02095724	      0.00000000
     48.00000000	     16.66666664	      0.00000000	     -0.00000000	      0.03450074	      0.02144307	     -0.00000000	      0.00000000	      0.02870087	      0.04024813	     -0.00058363	     -0.03464569	      0.00000000	      0.00000000	      0.00000000	      0.00000000	     -0.00000000	      0.00000000	      0.00000000	     -0.00000000	     -0.00000000	      0.00000000	     -0.00000000	     -0.00000000	     -0.00000000	      0.00000000	     -0.00000000	      0.00000000	     -0.00000000	     -0.00000000	      0.00000000	      0.00000000	     -0.00000000	     -0.00000000	      0.01576316	     -0.02146951	     -0.02272885	     -0.01822732	      0.02042389	      0.01867337	      0.01801594	     -0.00000000	      0.00000000	      0.00000000	     -0.00566798	      0.00000000	      0.01374258	     -0.02004794	      0.01063930	      0.00000000	     -0.02062658	      0.00000000
     49.00000000	     18.88888886	      0.00000000	      0.00000000	      0.03424443	      0.02153986	     -0.00000000	     -0.00000000	      0.02900292	      0.04047754	     -0.00162705	     -0.03420039	      0.00000000	      0.00000000	      0.00000000	     -0.00000000	      0.00000000	     -0.00000000	     -0.00000000	     -0.00000000	      0.00000000	      0.00000000	     -0.00000000	     -0.00000000	      0.00000000	      0.00000000	      0.00000000	      0.00000000	     -0.00000000	      0.00000000	      0.00000000	      0.00000000	      0.00000000	      0.00000000	      0.01472226	     -0.02088310	     -0.02240512	     -0.01789149	      0.01986337	      0.01806596	      0.01758157	      0.00000000	      0.00000000	     -0.00000000	     -0.00604907	      0.00000000	      0.01009914	     -0.01934155	      0.01063606	     -0.00000000	     -0.02024820	     -0.00000000
     50.00000000	     21.11111109	      0.00000000	      0.00000000	      0.03388879	      0.02159746	     -0.00000000	     -0.00000000	      0.02926764	      0.04067702	     -0.00266659	     -0.03375599	      0.00000000	      0.00000000	      0.00000000	     -0.00000000	      0.00000000	     -0.00000000	      0.00000000	      0.00000000	     -0.00000000	      0.00000000	      0.00000000	     -0.00000000	      0.00000000	      0.00000000	      0.00000000	     -0.00000000	     -0.00000000	      0.00000000	      0.00000000	      0.00000000	      0.00000000	      0.00000000	      0.01366994	     -0.02027988	     -0.02205737	     -0.01755632	      0.01925866	      0.01743757	      0.01713033	     -0.00000000	      0.00000000	     -0.00000000	     -0.00647911	      0.00000000	      0.00625351	     -0.01872455	      0.01059200	     -0.00000000	     -0.01982247	     -0.00000000
     51.00000000	     23.33333332	     -0.00000000	     -0.00000000	      0.03342270	      0.02161611	      0.00000000	      0.00000000	      0.02949452	      0.04084746	     -0.00370052	     -0.03331162	     -0.00000000	     -0.00000000	     -0.00000000	     -0.00000000	     -0.00000000	     -0.00000000	     -0.00000000	     -0.00000000	     -0.00000000	     -0.00000000	     -0.00000000	     -0.00000000	     -0.00000000	     -0.00000000	      0.00000000	     -0.00000000	     -0.00000000	     -0.00000000	     -0.00000000	     -0.00000000	     -0.00000000	     -0.00000000	      0.01260928	     -0.01966164	     -0.02168691	     -0.01750284	      0.01861587	      0.01679428	      0.01666678	     -0.00000000	     -0.00000000	     -0.00000000	     -0.00695527	      0.00000000	      0.00227860	     -0.01814676	      0.01051288	      0.00000000	     -0.01934991	      0.00000000
     52.00000000	     25.55555554	     -0.00000000	     -0.00000000	      0.03283317	      0.02159614	     -0.00000000	      0.00000000	      0.02968308	      0.04098971	     -0.00472711	     -0.03286629	      0.00000000	      0.00000000	     -0.00000000	      0.00000000	      0.00000000	     -0.00000000	     -0.00000000	     -0.00000000	     -0.00000000	      0.00000000	     -0.00000000	     -0.00000000	     -0.00000000	     -0.00000000	     -0.00000000	     -0.00000000	     -0.00000000	     -0.00000000	     -0.00000000	     -0.00000000	     -0.00000000	     -0.00000000	      0.01154119	     -0.01903020	     -0.02129510	     -0.01743052	      0.01794149	      0.01614227	      0.01619548	      0.00000000	     -0.00000000	     -0.00000000	     -0.00747405	     -0.00000000	     -0.00174215	     -0.01755706	      0.01040439	      0.00000000	     -0.01883121	      0.00000000
     53.00000000	     27.77777777	     -0.00000000	      0.00000000	      0.03210430	      0.02153801	      0.00000000	      0.00000000	      0.02983286	      0.04110453	     -0.00574465	     -0.03241888	      0.00000000	      0.00000000	      0.00000000	     -0.00000000	      0.00000000	      0.00000000	      0.00000000	      0.00000000	     -0.00000000	      0.00000000	      0.00000000	      0.00000000	     -0.00000000	      0.00000000	      0.00000000	      0.00000000	      0.00000000	      0.00000000	     -0.00000000	      0.00000000	      0.00000000	      0.00000000	      0.01046529	     -0.01838736	     -0.02088327	     -0.01733993	      0.01724235	      0.01548778	      0.01572100	      0.00000000	      0.00000000	     -0.00000000	     -0.00803139	     -0.00000000	     -0.00572134	     -0.01695672	      0.01027213	      0.00000000	     -0.01826719	      0.00000000
     54.00000000	     29.99999999	      0.00000000	      0.00000000	      0.03121767	      0.02144228	     -0.00000000	     -0.00000000	      0.02994343	      0.04119260	     -0.00675150	     -0.03196822	      0.00000000	     -0.00000000	      0.00000000	      0.00000000	      0.00000000	      0.00000000	      0.00000000	      0.00000000	      0.00000000	      0.00000000	      0.00000000	     -0.00000000	      0.00000000	      0.00000000	      0.00000000	      0.00000000	      0.00000000	      0.00000000	      0.00000000	      0.00000000	      0.00000000	      0.00000000	      0.00938061	     -0.01773490	     -0.02045282	     -0.01723165	      0.01652554	      0.01483706	      0.01524783	      0.00000000	      0.00000000	      0.00000000	     -0.00862270	     -0.00000000	     -0.00957502	     -0.01634703	      0.01012150	     -0.00000000	     -0.01765883	     -0.00000000
     55.00000000	     32.22222222	      0.00000000	      0.00000000	      0.03015312	      0.02130964	      0.00000000	      0.00000000	      0.03001435	      0.04125449	     -0.00774602	     -0.03151302	      0.00000000	      0.00000000	      0.00000000	      0.00000000	      0.00000000	      0.00000000	      0.00000000	      0.00000000	      0.00000000	      0.00000000	      0.00000000	      0.00000000	      0.00000000	      0.00000000	      0.00000000	      0.00000000	      0.00000000	      0.00000000	      0.00000000	      0.00000000	      0.00000000	      0.00000000	      0.00828630	     -0.01705313	     -0.02000510	     -0.01710629	      0.01579837	      0.01419625	      0.01478037	      0.00000000	     -0.00000000	      0.00000000	     -0.00924293	     -0.00000000	     -0.01322937	     -0.01572923	      0.00995720	      0.00000000	     -0.01700723	      0.00000000
     56.00000000	     34.44444444	      0.00000000	      0.00000000	      0.02888745	      0.02114087	      0.00000000	      0.00000000	      0.03004522	      0.04129065	     -0.00872662	     -0.03105195	     -0.00000000	      0.00000000	      0.00000000	     -0.00000000	      0.00000000	      0.00000000	      0.00000000	      0.00000000	      0.00000000	      0.00000000	      0.00000000	      0.00000000	      0.00000000	      0.00000000	      0.00000000	      0.00000000	      0.00000000	      0.00000000	      0.00000000	      0.00000000	      0.00000000	      0.00000000	      0.00718205	     -0.01625222	     -0.01954149	     -0.01696451	      0.01506829	      0.01357140	      0.01432289	      0.00000000	      0.00000000	     -0.00000000	     -0.00988665	      0.00000000	     -0.01662548	     -0.01510459	      0.00978403	      0.00000000	     -0.01631364	      0.00000000
     57.00000000	     36.66666667	      0.00000000	     -0.00000000	      0.02739510	      0.02093689	      0.00000000	     -0.00000000	      0.03003566	      0.04130140	     -0.00969176	     -0.03058362	      0.00000000	      0.00000000	     -0.00000000	     -0.00000000	      0.00000000	      0.00000000	     -0.00000000	     -0.00000000	     -0.00000000	     -0.00000000	     -0.00000000	     -0.00000000	     -0.00000000	      0.00000000	     -0.00000000	      0.00000000	     -0.00000000	     -0.00000000	     -0.00000000	     -0.00000000	     -0.00000000	      0.00000000	      0.00606859	     -0.01557655	     -0.01896668	     -0.01680696	      0.01434280	      0.01296832	      0.01387949	     -0.00000000	      0.00000000	     -0.00000000	     -0.01054815	      0.00000000	     -0.01972169	     -0.01447433	      0.00960655	      0.00000000	     -0.01557941	      0.00000000
     58.00000000	     38.88888889	     -0.00000000	     -0.00000000	      0.02564891	      0.02069871	     -0.00000000	     -0.00000000	      0.02998529	      0.04128688	     -0.01063995	     -0.03010657	     -0.00000000	     -0.00000000	     -0.00000000	     -0.00000000	     -0.00000000	     -0.00000000	     -0.00000000	     -0.00000000	     -0.00000000	     -0.00000000	     -0.00000000	     -0.00000000	     -0.00000000	     -0.00000000	     -0.00000000	     -0.00000000	     -0.00000000	     -0.00000000	     -0.00000000	     -0.00000000	     -0.00000000	     -0.00000000	      0.00494790	     -0.01490074	     -0.01847037	     -0.01663436	      0.01362937	      0.01239261	      0.01345405	     -0.00000000	     -0.00000000	      0.00000000	     -0.01122152	      0.00000000	     -0.02249342	     -0.01383967	      0.00941583	     -0.00000000	     -0.01480602	     -0.00000000
     59.00000000	     41.11111112	      0.00000000	      0.00000000	      0.02362130	      0.02042745	      0.00000000	      0.00000000	      0.02989377	      0.04124706	     -0.01156973	     -0.02961934	     -0.00000000	      0.00000000	      0.00000000	     -0.00000000	     -0.00000000	      0.00000000	      0.00000000	     -0.00000000	      0.00000000	      0.00000000	      0.00000000	      0.00000000	     -0.00000000	      0.00000000	     -0.00000000	     -0.00000000	      0.00000000	     -0.00000000	      0.00000000	      0.00000000	      0.00000000	      0.00000000	      0.00382341	     -0.01422467	     -0.01796446	     -0.01644740	      0.01293535	      0.01184952	      0.01305021	     -0.00000000	     -0.00000000	     -0.00000000	     -0.01190878	      0.00000000	     -0.02493118	     -0.01320179	      0.00924890	      0.00000000	     -0.01399507	      0.00000000
     60.00000000	     43.33333334	      0.00000000	     -0.00000000	      0.02128585	      0.02012434	      0.00000000	      0.00000000	      0.02975989	      0.04118171	     -0.01247970	     -0.02912043	      0.00000000	     -0.00000000	      0.00000000	     -0.00000000	     -0.00000000	      0.00000000	      0.00000000	      0.00000000	      0.00000000	      0.00000000	      0.00000000	     -0.00000000	     -0.00000000	      0.00000000	      0.00000000	      0.00000000	     -0.00000000	     -0.00000000	     -0.00000000	      0.00000000	     -0.00000000	      0.00000000	      0.00270016	     -0.01355279	     -0.01744674	     -0.01624681	      0.01226791	      0.01134394	      0.01267132	     -0.00000000	     -0.00000000	     -0.00000000	     -0.01262023	     -0.00000000	     -0.02703768	     -0.01256186	      0.00908694	      0.00000000	     -0.01314824	      0.00000000
     61.00000000	     45.55555557	     -0.00000000	      0.00000000	      0.01861524	      0.01979071	      0.00000000	     -0.00000000	      0.02957115	      0.04109038	     -0.01336851	     -0.02860834	     -0.00000000	      0.00000000	     -0.00000000	     -0.00000000	      0.00000000	     -0.00000000	     -0.00000000	     -0.00000000	     -0.00000000	     -0.00000000	     -0.00000000	      0.00000000	     -0.00000000	     -0.00000000	     -0.00000000	     -0.00000000	     -0.00000000	     -0.00000000	     -0.00000000	     -0.00000000	     -0.00000000	     -0.00000000	      0.00158471	     -0.01288199	     -0.01692305	     -0.01603333	      0.01163393	      0.01088035	      0.01232044	     -0.00000000	      0.00000000	      0.00000000	     -0.01333617	      0.00000000	     -0.02882446	     -0.01192099	      0.00893347	      0.00000000	     -0.01226735	      0.00000000
     62.00000000	     47.77777780	     -0.00000000	     -0.00000000	      0.01538872	      0.01942797	     -0.00000000	     -0.00000000	      0.02933475	      0.04097237	     -0.01423487	     -0.02808154	     -0.00000000	     -0.00000000	      0.00000000	     -0.00000000	      0.00000000	     -0.00000000	     -0.00000000	     -0.00000000	      0.00000000	      0.00000000	     -0.00000000	     -0.00000000	     -0.00000000	     -0.00000000	     -0.00000000	     -0.00000000	     -0.00000000	     -0.00000000	     -0.00000000	     -0.00000000	     -0.00000000	     -0.00000000	      0.00048507	     -0.01221991	     -0.01639088	     -0.01580770	      0.01103994	      0.01046277	      0.01200029	     -0.00000000	     -0.00000000	     -0.00000000	     -0.01405299	      0.00000000	     -0.03030894	     -0.01128027	      0.00879183	     -0.00000000	     -0.01135427	     -0.00000000
     63.00000000	     50.00000002	     -0.00000000	     -0.00000000	      0.01229785	      0.01903761	      0.00000000	      0.00000000	      0.02904963	      0.04082675	     -0.01507753	     -0.02753856	     -0.00000000	     -0.00000000	     -0.00000000	     -0.00000000	     -0.00000000	     -0.00000000	     -0.00000000	     -0.00000000	     -0.00000000	     -0.00000000	     -0.00000000	      0.00000000	     -0.00000000	     -0.00000000	     -0.00000000	     -0.00000000	     -0.00000000	     -0.00000000	     -0.00000000	     -0.00000000	     -0.00000000	     -0.00000000	     -0.00058949	     -0.01156295	     -0.01585235	     -0.01557067	      0.01049205	      0.01009472	      0.01171324	     -0.00000000	     -0.00000000	      0.00000000	     -0.01476726	      0.00000000	     -0.03151189	     -0.01064076	      0.00866518	      0.00000000	     -0.01041100	      0.00000000
     64.00000000	     52.22222225	      0.00000000	      0.00000000	      0.00891740	      0.01862121	     -0.00000000	     -0.00000000	      0.02866463	      0.04065227	     -0.01589531	     -0.02697792	      0.00000000	     -0.00000000	      0.00000000	      0.00000000	     -0.00000000	      0.00000000	     -0.00000000	      0.00000000	     -0.00000000	      0.00000000	      0.00000000	      0.00000000	     -0.00000000	      0.00000000	      0.00000000	      0.00000000	      0.00000000	      0.00000000	      0.00000000	      0.00000000	      0.00000000	     -0.00000000	     -0.00162877	     -0.01090653	     -0.01531163	     -0.01532300	      0.00999587	      0.00977923	      0.01146128	     -0.00000000	     -0.00000000	      0.00000000	     -0.01547595	      0.00000000	     -0.03245547	     -0.01000345	      0.00855646	      0.00000000	     -0.00943958	      0.00000000
     65.00000000	     54.44444447	      0.00000000	     -0.00000000	      0.00530867	      0.01818041	     -0.00000000	      0.00000000	      0.02826063	      0.04044741	     -0.01668707	     -0.02639817	      0.00000000	     -0.00000000	      0.00000000	     -0.00000000	     -0.00000000	      0.00000000	     -0.00000000	     -0.00000000	      0.00000000	     -0.00000000	      0.00000000	     -0.00000000	     -0.00000000	     -0.00000000	      0.00000000	      0.00000000	      0.00000000	     -0.00000000	     -0.00000000	      0.00000000	      0.00000000	     -0.00000000	     -0.00262195	     -0.01026968	     -0.01476036	     -0.01504561	      0.00955648	      0.00951877	      0.01124600	     -0.00000000	     -0.00000000	     -0.00000000	     -0.01617645	     -0.00000000	     -0.03320338	     -0.00936930	      0.00846843	      0.00000000	     -0.00844215	      0.00000000
     66.00000000	     56.66666670	      0.00000000	      0.00000000	      0.00155490	      0.01771691	      0.00000000	      0.00000000	      0.02780449	      0.03864746	     -0.01745172	     -0.02579791	      0.00000000	      0.00000000	      0.00000000	      0.00000000	      0.00000000	      0.00000000	      0.00000000	      0.00000000	      0.00000000	      0.00000000	      0.00000000	      0.00000000	      0.00000000	      0.00000000	      0.00000000	      0.00000000	      0.00000000	      0.00000000	      0.00000000	      0.00000000	      0.00000000	      0.00000000	     -0.00355804	     -0.00964356	     -0.01421336	     -0.01477894	      0.00917837	      0.00931524	      0.01106861	      0.00000000	     -0.00000000	      0.00000000	     -0.01686746	     -0.00000000	     -0.03413987	     -0.00873922	      0.00840362	     -0.00000000	     -0.00742093	     -0.00000000
     67.00000000	     58.88888892	      0.00000000	      0.00000000	     -0.00224533	      0.01723244	      0.00000000	     -0.00000000	      0.02729696	      0.03540462	     -0.01818825	     -0.02517580	     -0.00000000	      0.00000000	      0.00000000	      0.00000000	      0.00000000	      0.00000000	     -0.00000000	      0.00000000	      0.00000000	      0.00000000	     -0.00000000	      0.00000000	      0.00000000	     -0.00000000	     -0.00000000	     -0.00000000	      0.00000000	      0.00000000	      0.00000000	     -0.00000000	     -0.00000000	     -0.00000000	     -0.00442629	     -0.00903012	     -0.01366625	     -0.01450369	      0.00886539	      0.00917000	      0.01092990	     -0.00000000	      0.00000000	      0.00000000	     -0.01754578	      0.00000000	     -0.03492903	     -0.00812551	      0.00834290	     -0.00000000	     -0.00637817	     -0.00000000
     68.00000000	     61.11111115	     -0.00000000	      0.00000000	     -0.00598833	      0.01672878	     -0.00000000	      0.00000000	      0.02673174	      0.03076137	     -0.01889569	     -0.02453052	      0.00000000	      0.00000000	      0.00000000	     -0.00000000	      0.00000000	     -0.00000000	      0.00000000	     -0.00000000	      0.00000000	      0.00000000	      0.00000000	      0.00000000	      0.00000000	      0.00000000	      0.00000000	     -0.00000000	     -0.00000000	     -0.00000000	      0.00000000	     -0.00000000	      0.00000000	      0.00000000	     -0.00521659	     -0.00843208	     -0.01311945	     -0.01422172	      0.00862077	      0.00908385	      0.01083025	      0.00000000	      0.00000000	     -0.00000000	     -0.01821071	      0.00000000	     -0.03558684	     -0.00751500	      0.00831521	      0.00000000	     -0.00531621	      0.00000000
     69.00000000	     63.33333337	     -0.00000000	      0.00000000	     -0.00957693	      0.01620770	     -0.00000000	     -0.00000000	      0.02611482	      0.02242273	     -0.01957310	     -0.02407170	     -0.00000000	      0.00000000	      0.00000000	      0.00000000	      0.00000000	      0.00000000	     -0.00000000	     -0.00000000	     -0.00000000	     -0.00000000	     -0.00000000	     -0.00000000	      0.00000000	      0.00000000	      0.00000000	      0.00000000	      0.00000000	      0.00000000	      0.00000000	      0.00000000	      0.00000000	      0.00000000	     -0.00591980	     -0.00794993	     -0.01257440	     -0.01393252	      0.00844708	      0.00905703	      0.01076962	     -0.00000000	      0.00000000	      0.00000000	     -0.01886130	      0.00000000	     -0.03612410	     -0.00691183	      0.00830962	      0.00000000	     -0.00647471	      0.00000000
     70.00000000	     65.55555560	      0.00000000	      0.00000000	     -0.01293038	      0.01567100	     -0.00000000	     -0.00000000	      0.02544109	      0.03889024	     -0.02021964	     -0.02420684	      0.00000000	     -0.00000000	     -0.00000000	     -0.00000000	      0.00000000	      0.00000000	      0.00000000	      0.00000000	      0.00000000	      0.00000000	      0.00000000	     -0.00000000	      0.00000000	     -0.00000000	      0.00000000	     -0.00000000	      0.00000000	     -0.00000000	      0.00000000	      0.00000000	      0.00000000	      0.00000000	     -0.00652809	     -0.00747776	     -0.01203269	     -0.01363768	      0.00834621	      0.00908920	      0.01074756	      0.00000000	      0.00000000	      0.00000000	     -0.01949694	     -0.00000000	     -0.03655303	     -0.00631689	      0.00832545	     -0.00000000	     -0.00565194	     -0.00000000
     71.00000000	     67.77777782	      0.00000000	      0.00000000	     -0.01599032	      0.01512046	      0.00000000	     -0.00000000	      0.02471174	      0.03845171	     -0.02083450	     -0.02428798	     -0.00000000	      0.00000000	     -0.00000000	      0.00000000	     -0.00000000	      0.00000000	      0.00000000	      0.00000000	      0.00000000	     -0.00000000	      0.00000000	      0.00000000	      0.00000000	     -0.00000000	     -0.00000000	      0.00000000	     -0.00000000	     -0.00000000	      0.00000000	      0.00000000	      0.00000000	      0.00000000	     -0.00703511	     -0.00700085	     -0.01149446	     -0.01333731	      0.00831943	      0.00917952	      0.01076321	      0.00000000	      0.00000000	     -0.00000000	     -0.02011733	     -0.00000000	     -0.03688365	     -0.00573023	      0.00836209	      0.00000000	     -0.00486867	      0.00000000
     72.00000000	     70.00000005	     -0.00000000	      0.00000000	     -0.01872219	      0.01455782	     -0.00000000	     -0.00000000	      0.02392685	      0.03796216	     -0.02141691	     -0.02430796	     -0.00000000	      0.00000000	     -0.00000000	     -0.00000000	     -0.00000000	      0.00000000	     -0.00000000	      0.00000000	      0.00000000	      0.00000000	      0.00000000	     -0.00000000	     -0.00000000	      0.00000000	      0.00000000	     -0.00000000	     -0.00000000	     -0.00000000	     -0.00000000	     -0.00000000	      0.00000000	      0.00000000	     -0.00743608	     -0.00652163	     -0.01096108	     -0.01303258	      0.00836733	      0.00932663	      0.01081531	      0.00000000	      0.00000000	     -0.00000000	     -0.02072242	      0.00000000	     -0.03712474	     -0.00515307	      0.00841864	     -0.00000000	     -0.00405525	     -0.00000000
     73.00000000	     72.22222228	      0.00000000	      0.00000000	     -0.02111291	      0.01398481	      0.00000000	      0.00000000	      0.02308546	      0.03741709	     -0.02196617	     -0.02425898	      0.00000000	     -0.00000000	      0.00000000	     -0.00000000	      0.00000000	      0.00000000	     -0.00000000	     -0.00000000	      0.00000000	      0.00000000	      0.00000000	      0.00000000	     -0.00000000	      0.00000000	      0.00000000	      0.00000000	      0.00000000	      0.00000000	      0.00000000	      0.00000000	      0.00000000	     -0.00000000	     -0.00772787	     -0.00604191	     -0.01043340	     -0.01272298	      0.00848990	      0.00952863	      0.01090221	      0.00000000	     -0.00000000	     -0.00000000	     -0.02131239	      0.00000000	     -0.03728394	     -0.00458607	      0.00849318	      0.00000000	     -0.00321286	      0.00000000
     74.00000000	     74.44444450	      0.00000000	     -0.00000000	     -0.02316627	      0.01340307	     -0.00000000	      0.00000000	      0.02219000	      0.03681158	     -0.02248162	     -0.02413255	     -0.00000000	     -0.00000000	      0.00000000	      0.00000000	     -0.00000000	     -0.00000000	     -0.00000000	     -0.00000000	     -0.00000000	     -0.00000000	      0.00000000	      0.00000000	     -0.00000000	     -0.00000000	      0.00000000	      0.00000000	      0.00000000	      0.00000000	      0.00000000	     -0.00000000	     -0.00000000	     -0.00000000	     -0.00790891	     -0.00556395	     -0.00991070	     -0.01241096	      0.00868651	      0.00978317	      0.01102188	      0.00000000	     -0.00000000	     -0.00000000	     -0.02188758	      0.00000000	     -0.03736785	     -0.00402785	      0.00858563	     -0.00000000	     -0.00234278	     -0.00000000
     75.00000000	     76.66666673	      0.00000000	     -0.00000000	     -0.02489787	      0.01281418	      0.00000000	      0.00000000	      0.02123679	      0.03614035	     -0.02296267	     -0.02391933	     -0.00000000	      0.00000000	     -0.00000000	      0.00000000	      0.00000000	     -0.00000000	     -0.00000000	      0.00000000	     -0.00000000	      0.00000000	      0.00000000	      0.00000000	     -0.00000000	      0.00000000	     -0.00000000	     -0.00000000	     -0.00000000	      0.00000000	     -0.00000000	     -0.00000000	      0.00000000	     -0.00000000	     -0.00797912	     -0.00504615	     -0.00939734	     -0.01209639	      0.00895596	      0.01008744	      0.01117193	     -0.00000000	      0.00000000	     -0.00000000	     -0.02244844	     -0.00000000	     -0.03738236	     -0.00348113	      0.00869381	     -0.00000000	     -0.00144784	     -0.00000000
     76.00000000	     78.88888895	     -0.00000000	     -0.00000000	     -0.02633033	      0.01221965	     -0.00000000	     -0.00000000	      0.02023049	      0.03539775	     -0.02340876	     -0.02360902	     -0.00000000	     -0.00000000	     -0.00000000	     -0.00000000	     -0.00000000	     -0.00000000	     -0.00000000	     -0.00000000	     -0.00000000	     -0.00000000	      0.00000000	     -0.00000000	     -0.00000000	     -0.00000000	     -0.00000000	     -0.00000000	     -0.00000000	     -0.00000000	     -0.00000000	     -0.00000000	     -0.00000000	     -0.00000000	     -0.00793973	     -0.00428423	     -0.00889171	     -0.01177960	      0.00929654	      0.01043818	      0.01134960	     -0.00000000	      0.00000000	      0.00000000	     -0.02299550	     -0.00000000	     -0.03733130	     -0.00294281	      0.00881596	      0.00000000	     -0.00053155	      0.00000000
     77.00000000	     81.11111118	     -0.00000000	      0.00000000	     -0.02748969	      0.01162088	      0.00000000	      0.00000000	      0.01916935	      0.03457780	     -0.02381939	     -0.02319029	     -0.00000000	     -0.00000000	      0.00000000	      0.00000000	      0.00000000	      0.00000000	     -0.00000000	      0.00000000	     -0.00000000	      0.00000000	      0.00000000	     -0.00000000	      0.00000000	      0.00000000	      0.00000000	      0.00000000	      0.00000000	      0.00000000	      0.00000000	      0.00000000	      0.00000000	      0.00000000	     -0.00779317	     -0.00411929	     -0.00839483	     -0.01146135	      0.00970598	      0.01083172	      0.01155181	      0.00000000	      0.00000000	      0.00000000	     -0.02352930	      0.00000000	     -0.03721919	     -0.00241730	      0.00895019	      0.00000000	      0.00040211	      0.00000000
     78.00000000	     83.33333340	     -0.00000000	      0.00000000	     -0.02840271	      0.01101915	     -0.00000000	      0.00000000	      0.01805580	      0.03367429	     -0.02419411	     -0.02265074	      0.00000000	     -0.00000000	      0.00000000	     -0.00000000	      0.00000000	      0.00000000	      0.00000000	      0.00000000	     -0.00000000	      0.00000000	     -0.00000000	      0.00000000	      0.00000000	      0.00000000	      0.00000000	      0.00000000	      0.00000000	      0.00000000	      0.00000000	      0.00000000	      0.00000000	     -0.00000000	     -0.00754284	     -0.00367071	     -0.00790716	     -0.01114212	      0.01018157	      0.01032606	      0.01078174	      0.00000000	     -0.00000000	      0.00000000	     -0.02405039	      0.00000000	     -0.03704859	     -0.00191167	      0.00909449	      0.00000000	      0.00134886	      0.00000000
     79.00000000	     85.55555563	     -0.00000000	      0.00000000	     -0.02909524	      0.01041564	      0.00000000	     -0.00000000	      0.01689041	      0.03268076	     -0.02453251	     -0.02197691	     -0.00000000	     -0.00000000	      0.00000000	      0.00000000	     -0.00000000	      0.00000000	     -0.00000000	      0.00000000	      0.00000000	      0.00000000	     -0.00000000	     -0.00000000	     -0.00000000	      0.00000000	      0.00000000	      0.00000000	      0.00000000	      0.00000000	      0.00000000	     -0.00000000	      0.00000000	     -0.00000000	     -0.00719298	     -0.00323339	     -0.00742898	     -0.01082237	      0.01072013	      0.00968957	      0.00986909	      0.00000000	      0.00000000	      0.00000000	     -0.02455849	      0.00000000	     -0.03682112	     -0.00140924	      0.00924677	      0.00000000	      0.00230421	      0.00000000
     80.00000000	     87.77777785	     -0.00000000	     -0.00000000	     -0.02959132	      0.00981138	     -0.00000000	     -0.00000000	      0.01567469	      0.03159070	     -0.02483423	     -0.02115453	     -0.00000000	     -0.00000000	     -0.00000000	     -0.00000000	     -0.00000000	     -0.00000000	     -0.00000000	     -0.00000000	     -0.00000000	     -0.00000000	     -0.00000000	     -0.00000000	     -0.00000000	     -0.00000000	     -0.00000000	     -0.00000000	     -0.00000000	     -0.00000000	     -0.00000000	     -0.00000000	     -0.00000000	     -0.00000000	     -0.00674846	     -0.00280917	     -0.00696083	     -0.01050251	      0.01131809	      0.00897348	      0.00888380	     -0.00000000	      0.00000000	     -0.00000000	     -0.02505100	      0.00000000	     -0.03653731	     -0.00091902	      0.00940490	     -0.00000000	      0.00326363	     -0.00000000
     81.00000000	     90.00000008	      0.00000000	     -0.00000000	     -0.02991266	      0.00920728	      0.00000000	      0.00000000	      0.01441116	      0.03039756	     -0.02509898	     -0.02016890	     -0.00000000	      0.00000000	     -0.00000000	      0.00000000	     -0.00000000	     -0.00000000	      0.00000000	     -0.00000000	     -0.00000000	     -0.00000000	      0.00000000	      0.00000000	     -0.00000000	      0.00000000	      0.00000000	      0.00000000	     -0.00000000	      0.00000000	      0.00000000	      0.00000000	      0.00000000	     -0.00000000	     -0.00621470	     -0.00198230	     -0.00650294	     -0.01018356	      0.01197146	      0.00816591	      0.00782111	     -0.00000000	     -0.00000000	      0.00000000	     -0.02552384	      0.00000000	     -0.03619703	     -0.00043884	      0.00956672	      0.00000000	      0.00422263	      0.00000000
     82.00000000	     92.22222230	     -0.00000000	      0.00000000	     -0.03007863	      0.00860408	     -0.00000000	     -0.00000000	      0.01310156	      0.02909499	     -0.02532648	     -0.01900569	     -0.00000000	      0.00000000	     -0.00000000	      0.00000000	     -0.00000000	      0.00000000	      0.00000000	      0.00000000	     -0.00000000	      0.00000000	     -0.00000000	      0.00000000	      0.00000000	      0.00000000	      0.00000000	      0.00000000	      0.00000000	      0.00000000	      0.00000000	      0.00000000	      0.00000000	      0.00000000	     -0.00559749	     -0.00166223	     -0.00605523	     -0.00986518	      0.01267591	      0.00725369	      0.00667628	      0.00000000	     -0.00000000	     -0.00000000	     -0.02597616	     -0.00000000	     -0.03579811	      0.00002769	      0.00973007	     -0.00000000	      0.00517688	     -0.00000000
     83.00000000	     94.44444453	     -0.00000000	     -0.00000000	     -0.03010630	      0.00800242	     -0.00000000	      0.00000000	      0.01174811	      0.02767692	     -0.02551653	     -0.01765210	      0.00000000	      0.00000000	     -0.00000000	     -0.00000000	     -0.00000000	     -0.00000000	     -0.00000000	     -0.00000000	     -0.00000000	     -0.00000000	     -0.00000000	     -0.00000000	      0.00000000	     -0.00000000	     -0.00000000	      0.00000000	     -0.00000000	      0.00000000	      0.00000000	      0.00000000	     -0.00000000	      0.00000000	     -0.00490288	     -0.00137993	     -0.00561834	     -0.00954777	      0.01342676	      0.00661739	      0.00544481	      0.00000000	     -0.00000000	     -0.00000000	     -0.02640246	      0.00000000	     -0.03533638	      0.00048323	      0.00989281	     -0.00000000	      0.00612225	     -0.00000000
     84.00000000	     96.66666676	      0.00000000	     -0.00000000	     -0.03001065	      0.00740274	     -0.00000000	      0.00000000	      0.01035387	      0.02613784	     -0.02566897	     -0.01609851	      0.00000000	     -0.00000000	      0.00000000	      0.00000000	     -0.00000000	      0.00000000	     -0.00000000	     -0.00000000	      0.00000000	     -0.00000000	     -0.00000000	     -0.00000000	      0.00000000	      0.00000000	      0.00000000	      0.00000000	      0.00000000	      0.00000000	      0.00000000	      0.00000000	      0.00000000	     -0.00000000	     -0.00413909	     -0.00113713	     -0.00519383	     -0.00923204	      0.01421901	      0.00550578	      0.00412255	      0.00000000	      0.00000000	      0.00000000	     -0.02681357	      0.00000000	     -0.03480482	      0.00092908	      0.01005257	      0.00000000	      0.00705493	      0.00000000
     85.00000000	     98.88888898	     -0.00000000	     -0.00000000	     -0.02980477	      0.00680535	      0.00000000	      0.00000000	      0.00892200	      0.02447295	     -0.02578367	     -0.01434061	     -0.00000000	     -0.00000000	     -0.00000000	     -0.00000000	     -0.00000000	     -0.00000000	     -0.00000000	     -0.00000000	     -0.00000000	      0.00000000	     -0.00000000	     -0.00000000	     -0.00000000	     -0.00000000	     -0.00000000	     -0.00000000	     -0.00000000	     -0.00000000	     -0.00000000	     -0.00000000	      0.00000000	     -0.00000000	     -0.00330935	     -0.00093529	     -0.00477883	     -0.00891796	      0.01504733	      0.00425768	      0.00298445	      0.00000000	      0.00000000	      0.00000000	     -0.02721145	     -0.00000000	     -0.03419350	      0.00136078	      0.01020301	      0.00000000	      0.00797142	      0.00000000
     86.00000000	    101.11111121	      0.00000000	      0.00000000	     -0.03665033	      0.00621044	     -0.00000000	     -0.00000000	      0.00745716	      0.02267844	     -0.02586058	     -0.01238175	      0.00000000	     -0.00000000	      0.00000000	     -0.00000000	     -0.00000000	     -0.00000000	     -0.00000000	     -0.00000000	     -0.00000000	      0.00000000	      0.00000000	     -0.00000000	     -0.00000000	     -0.00000000	     -0.00000000	     -0.00000000	      0.00000000	     -0.00000000	     -0.00000000	     -0.00000000	     -0.00000000	     -0.00000000	     -0.00242032	     -0.00059380	     -0.00437442	     -0.00860614	      0.01573451	      0.00280624	      0.00150576	      0.00000000	     -0.00000000	     -0.00000000	     -0.02759372	      0.00000000	     -0.03348618	      0.00178446	      0.01034004	      0.00000000	      0.00886859	      0.00000000
     87.00000000	    103.33333343	      0.00000000	     -0.00000000	     -0.03701285	      0.00561803	     -0.00000000	     -0.00000000	      0.00596155	      0.02075177	     -0.02589966	     -0.01023525	     -0.00000000	     -0.00000000	     -0.00000000	     -0.00000000	     -0.00000000	     -0.00000000	     -0.00000000	      0.00000000	     -0.00000000	      0.00000000	      0.00000000	     -0.00000000	      0.00000000	     -0.00000000	     -0.00000000	     -0.00000000	     -0.00000000	     -0.00000000	     -0.00000000	     -0.00000000	     -0.00000000	     -0.00000000	     -0.00148027	     -0.00027468	     -0.00398028	     -0.00829660	      0.01573407	      0.00115795	     -0.00009076	      0.00000000	      0.00000000	      0.00000000	     -0.02796122	      0.00000000	     -0.03266003	      0.00219366	      0.01046460	     -0.00000000	      0.00974366	     -0.00000000
     88.00000000	    105.55555566	     -0.00000000	     -0.00000000	     -0.03718818	      0.00502802	     -0.00000000	      0.00000000	      0.00444054	      0.01869191	     -0.02590094	     -0.00792586	      0.00000000	      0.00000000	     -0.00000000	     -0.00000000	     -0.00000000	      0.00000000	     -0.00000000	      0.00000000	      0.00000000	     -0.00000000	      0.00000000	     -0.00000000	     -0.00000000	     -0.00000000	     -0.00000000	     -0.00000000	     -0.00000000	      0.00000000	      0.00000000	      0.00000000	     -0.00000000	      0.00000000	     -0.00049481	      0.00002852	     -0.00359663	     -0.00798935	      0.01567720	     -0.00073564	     -0.00176445	     -0.00000000	     -0.00000000	      0.00000000	     -0.02831284	     -0.00000000	     -0.03168123	      0.00259096	      0.01057650	     -0.00000000	      0.01059420	     -0.00000000
     89.00000000	    107.77777788	      0.00000000	      0.00000000	     -0.03724220	      0.00444018	      0.00000000	     -0.00000000	      0.00289705	      0.01649961	     -0.02586449	     -0.00548983	      0.00000000	      0.00000000	      0.00000000	      0.00000000	     -0.00000000	     -0.00000000	     -0.00000000	     -0.00000000	     -0.00000000	     -0.00000000	     -0.00000000	      0.00000000	     -0.00000000	      0.00000000	      0.00000000	      0.00000000	     -0.00000000	      0.00000000	      0.00000000	      0.00000000	      0.00000000	     -0.00000000	      0.00052968	      0.00031623	     -0.00322316	     -0.00768507	      0.01554761	     -0.00285859	     -0.00357502	     -0.00000000	      0.00000000	      0.00000000	     -0.02864851	      0.00000000	     -0.03050036	      0.00298076	      0.01067279	     -0.00000000	      0.01141808	     -0.00000000
     90.00000000	    110.00000011	     -0.00000000	      0.00000000	     -0.03719833	      0.00385416	     -0.00000000	      0.00000000	      0.00133660	      0.01417764	     -0.02579044	     -0.00297302	     -0.00000000	     -0.00000000	     -0.00000000	      0.00000000	      0.00000000	     -0.00000000	     -0.00000000	     -0.00000000	     -0.00000000	     -0.00000000	      0.00000000	     -0.00000000	     -0.00000000	     -0.00000000	     -0.00000000	     -0.00000000	     -0.00000000	      0.00000000	     -0.00000000	      0.00000000	      0.00000000	     -0.00000000	      0.00158690	      0.00058890	     -0.00285866	     -0.00738363	      0.01532425	     -0.00523477	     -0.00549119	      0.00000000	      0.00000000	      0.00000000	     -0.02896742	      0.00000000	     -0.02904539	      0.00334575	      0.01075598	     -0.00000000	      0.01221345	     -0.00000000
     91.00000000	    112.22222233	      0.00000000	      0.00000000	     -0.03706861	      0.00326953	     -0.00000000	      0.00000000	     -0.00023632	      0.01173100	     -0.02567894	     -0.00042701	      0.00000000	     -0.00000000	      0.00000000	     -0.00000000	      0.00000000	      0.00000000	      0.00000000	      0.00000000	     -0.00000000	     -0.00000000	      0.00000000	      0.00000000	      0.00000000	     -0.00000000	     -0.00000000	      0.00000000	     -0.00000000	     -0.00000000	      0.00000000	      0.00000000	     -0.00000000	     -0.00000000	      0.00267057	      0.00084851	     -0.00250415	     -0.00708677	      0.01497938	     -0.00785454	     -0.00749244	     -0.00000000	      0.00000000	      0.00000000	     -0.02927620	     -0.00000000	     -0.02721332	      0.00371046	      0.01082513	      0.00000000	      0.01297867	      0.00000000
     92.00000000	    114.44444456	     -0.00000000	     -0.00000000	     -0.03686058	      0.00268577	      0.00000000	      0.00000000	     -0.00181679	      0.00916704	     -0.02553022	      0.00209601	      0.00000000	     -0.00000000	      0.00000000	      0.00000000	      0.00000000	      0.00000000	      0.00000000	      0.00000000	     -0.00000000	      0.00000000	     -0.00000000	     -0.00000000	      0.00000000	      0.00000000	      0.00000000	      0.00000000	      0.00000000	      0.00000000	      0.00000000	      0.00000000	      0.00000000	      0.00000000	      0.00377449	      0.00109296	     -0.00215876	     -0.00679157	      0.01492344	     -0.01068627	     -0.00960146	     -0.00000000	     -0.00000000	      0.00000000	     -0.02956718	     -0.00000000	     -0.02486334	      0.00406506	      0.01088129	     -0.00000000	      0.01371226	     -0.00000000
     93.00000000	    116.66666679	      0.00000000	      0.00000000	     -0.03657954	      0.00210227	      0.00000000	      0.00000000	     -0.00339924	      0.00649552	     -0.02534453	      0.00454861	     -0.00000000	     -0.00000000	     -0.00000000	     -0.00000000	      0.00000000	      0.00000000	     -0.00000000	      0.00000000	     -0.00000000	     -0.00000000	     -0.00000000	      0.00000000	     -0.00000000	     -0.00000000	     -0.00000000	     -0.00000000	     -0.00000000	      0.00000000	      0.00000000	      0.00000000	      0.00000000	      0.00000000	      0.00489248	      0.00132416	     -0.00182221	     -0.00649925	      0.01427003	     -0.01369013	     -0.01178492	     -0.00000000	     -0.00000000	      0.00000000	     -0.02983407	     -0.00000000	     -0.02182283	      0.00440722	      0.01092629	      0.00000000	      0.01441283	      0.00000000
     94.00000000	    118.88888901	     -0.00000000	      0.00000000	     -0.03622958	      0.00151839	      0.00000000	     -0.00000000	     -0.00497903	      0.00372858	     -0.02512217	      0.00689231	      0.00000000	      0.00000000	      0.00000000	      0.00000000	      0.00000000	      0.00000000	      0.00000000	      0.00000000	     -0.00000000	      0.00000000	      0.00000000	      0.00000000	     -0.00000000	      0.00000000	      0.00000000	     -0.00000000	      0.00000000	     -0.00000000	      0.00000000	      0.00000000	      0.00000000	     -0.00000000	      0.00601840	      0.00154297	     -0.00149220	     -0.00621038	      0.01328574	     -0.01680337	     -0.01403522	     -0.00000000	      0.00000000	     -0.00000000	     -0.03007508	      0.00000000	     -0.01793176	      0.00473864	      0.01097859	     -0.00000000	      0.01507901	     -0.00000000
     95.00000000	    121.11111124	     -0.00000000	      0.00000000	     -0.03581411	      0.00093344	     -0.00000000	     -0.00000000	     -0.00655049	      0.00088055	     -0.02486351	      0.00909993	     -0.00000000	     -0.00000000	     -0.00000000	     -0.00000000	     -0.00000000	     -0.00000000	     -0.00000000	     -0.00000000	      0.00000000	     -0.00000000	      0.00000000	      0.00000000	      0.00000000	      0.00000000	     -0.00000000	     -0.00000000	     -0.00000000	     -0.00000000	     -0.00000000	     -0.00000000	      0.00000000	     -0.00000000	      0.00714613	      0.00175010	     -0.00117194	     -0.00592403	      0.01186054	     -0.01995466	     -0.01632586	     -0.00000000	      0.00000000	      0.00000000	     -0.03028782	      0.00000000	     -0.01315699	      0.00506067	      0.01103424	      0.00000000	      0.01570939	      0.00000000
     96.00000000	    123.33333346	      0.00000000	      0.00000000	     -0.03533616	      0.00034672	      0.00000000	     -0.00000000	     -0.00810899	     -0.00203223	     -0.02456893	      0.01115590	      0.00000000	      0.00000000	      0.00000000	     -0.00000000	      0.00000000	      0.00000000	     -0.00000000	     -0.00000000	      0.00000000	     -0.00000000	      0.00000000	      0.00000000	      0.00000000	      0.00000000	      0.00000000	      0.00000000	      0.00000000	      0.00000000	     -0.00000000	      0.00000000	      0.00000000	      0.00000000	      0.00826955	      0.00194900	     -0.00085846	     -0.00564200	      0.00977786	     -0.02305703	     -0.01863481	     -0.00000000	      0.00000000	      0.00000000	     -0.03047020	     -0.00000000	     -0.00774954	      0.00537061	      0.01108445	     -0.00000000	      0.01636806	     -0.00000000
     97.00000000	    125.55555569	     -0.00000000	     -0.00000000	     -0.03479854	     -0.00024247	     -0.00000000	     -0.00000000	     -0.00964898	     -0.00499187	     -0.02423888	      0.01305494	      0.00000000	     -0.00000000	      0.00000000	     -0.00000000	      0.00000000	     -0.00000000	     -0.00000000	     -0.00000000	      0.00000000	     -0.00000000	      0.00000000	      0.00000000	      0.00000000	      0.00000000	      0.00000000	     -0.00000000	      0.00000000	      0.00000000	     -0.00000000	      0.00000000	      0.00000000	     -0.00000000	      0.00937962	      0.00213391	     -0.00055196	     -0.00536285	      0.00676175	     -0.02604424	     -0.02093575	      0.00000000	     -0.00000000	     -0.00000000	     -0.03062032	     -0.00000000	     -0.00227568	      0.00567220	      0.01113536	     -0.00000000	      0.01693800	     -0.00000000
     98.00000000	    127.77777791	      0.00000000	     -0.00000000	     -0.03420396	     -0.00083481	      0.00000000	     -0.00000000	     -0.01116585	     -0.00797928	     -0.02387385	      0.01479986	     -0.00000000	     -0.00000000	     -0.00000000	     -0.00000000	      0.00000000	     -0.00000000	     -0.00000000	     -0.00000000	      0.00000000	     -0.00000000	      0.00000000	      0.00000000	      0.00000000	     -0.00000000	     -0.00000000	     -0.00000000	      0.00000000	      0.00000000	     -0.00000000	      0.00000000	     -0.00000000	      0.00000000	      0.01047781	      0.00230909	     -0.00025187	     -0.00508611	      0.00239176	     -0.02884206	     -0.02320515	      0.00000000	     -0.00000000	     -0.00000000	     -0.03073649	     -0.00000000	      0.00263131	      0.00595929	      0.01118387	     -0.00000000	      0.01741949	     -0.00000000
     99.00000000	    130.00000014	      0.00000000	     -0.00000000	     -0.03355508	     -0.00143094	      0.00000000	      0.00000000	     -0.01265469	     -0.01097474	     -0.02347439	      0.01639910	      0.00000000	     -0.00000000	     -0.00000000	     -0.00000000	     -0.00000000	     -0.00000000	     -0.00000000	     -0.00000000	     -0.00000000	     -0.00000000	     -0.00000000	      0.00000000	     -0.00000000	      0.00000000	      0.00000000	     -0.00000000	     -0.00000000	     -0.00000000	     -0.00000000	     -0.00000000	      0.00000000	     -0.00000000	      0.01155090	      0.00247138	      0.00003733	     -0.00481333	     -0.00383114	     -0.03139918	     -0.02540847	      0.00000000	     -0.00000000	      0.00000000	     -0.03081726	      0.00000000	      0.00659672	      0.00623653	      0.01123585	      0.00000000	      0.01786949	      0.00000000
