UNKNOWN
version=1
nRows=100
nColumns=52
inDegrees=no
endheader
time	elv_angle	ANC	APL	BIClong	BICshort	BRA	BRD	CORB	DELT1	DELT2	DELT3	ECRB	ECRL	ECU	EDCI	EDCL	EDCM	EDCR	EDM	EIP	EPB	EPL	FCR	FCU	FDPI	FDPL	FDPM	FDPR	FDSI	FDSL	FDSM	FDSR	FPL	INFSP	LAT1	LAT2	LAT3	PECM1	PECM2	PECM3	PL	PQ	PT	SUBSC	SUP	SUPSP	TMAJ	TMIN	TRIlat	TRIlong	TRImed
      0.00000000	    -90.00000000	      0.00350486	      0.06666161	      0.17438475	      0.21265770	      0.09072633	      0.19503137	      0.12173109	      0.14071025	      0.09054842	      0.06496260	      0.05739210	      0.08251990	      0.05507007	      0.05698303	      0.06408346	      0.06303047	      0.05043992	      0.06209895	      0.05972867	      0.06428054	      0.05550584	      0.06070605	      0.04113306	      0.06599153	      0.06665474	      0.06653758	      0.07028198	      0.07750712	      0.04229977	      0.06486173	      0.06426226	      0.05399008	      0.08974265	      0.19663692	      0.17833157	      0.22136907	      0.14806628	      0.14998952	      0.13407888	      0.05978440	      0.02647197	      0.05791242	      0.06355668	      0.03250367	      0.08691131	      0.16037177	      0.05609715	      0.06897315	      0.12777442	      0.06449434
      1.00000000	    -87.77777778	      0.00350486	      0.06666161	      0.17484538	      0.21305615	      0.09072633	      0.19503137	      0.12223403	      0.14135945	      0.08962949	      0.06471422	      0.05739210	      0.08251990	      0.05507007	      0.05698303	      0.06408346	      0.06303047	      0.05043992	      0.06209895	      0.05972867	      0.06428054	      0.05550584	      0.06070605	      0.04113306	      0.06599153	      0.06665474	      0.06653758	      0.07028198	      0.07750712	      0.04229977	      0.06486173	      0.06426226	      0.05399008	      0.09096888	      0.19689286	      0.17842039	      0.26341826	      0.14897378	      0.15063169	      0.13459140	      0.05978440	      0.02647197	      0.05791242	      0.06319201	      0.03250367	      0.08705786	      0.16083236	      0.07756385	      0.06897315	      0.12800595	      0.06449434
      2.00000000	    -85.55555556	      0.00350486	      0.06666161	      0.17532945	      0.21342709	      0.09072633	      0.19503137	      0.12269805	      0.14196703	      0.08870214	      0.06461958	      0.05739210	      0.08251990	      0.05507007	      0.05698303	      0.06408346	      0.06303047	      0.05043992	      0.06209895	      0.05972867	      0.06428054	      0.05550584	      0.06070605	      0.04113306	      0.06599153	      0.06665474	      0.06653758	      0.07028198	      0.07750712	      0.04229977	      0.06486173	      0.06426226	      0.05399008	      0.09217769	      0.19717994	      0.17853434	      0.26345845	      0.14983048	      0.15122707	      0.13505809	      0.05978440	      0.02647197	      0.05791242	      0.06288619	      0.03250367	      0.08714518	      0.16131924	      0.07751220	      0.06897315	      0.12825124	      0.06449434
      3.00000000	    -83.33333333	      0.00350486	      0.06666161	      0.17583574	      0.21377017	      0.09072633	      0.19503137	      0.12312256	      0.14253476	      0.08776808	      0.06467727	      0.05739210	      0.08251990	      0.05507007	      0.05698303	      0.06408346	      0.06303047	      0.05043992	      0.06209895	      0.05972867	      0.06428054	      0.05550584	      0.06070605	      0.04113306	      0.06599153	      0.06665474	      0.06653758	      0.07028198	      0.07750712	      0.04229977	      0.06486173	      0.06426226	      0.05399008	      0.09336579	      0.19749818	      0.17867399	      0.26351182	      0.15066541	      0.15177264	      0.13547825	      0.05978440	      0.02647197	      0.05791242	      0.06263962	      0.03250367	      0.08716810	      0.16183188	      0.07747000	      0.06897315	      0.12851053	      0.06449434
      4.00000000	    -81.11111111	      0.00350486	      0.06666161	      0.17636200	      0.21408543	      0.09072633	      0.19503137	      0.12350707	      0.14306439	      0.08682903	      0.06488354	      0.05739210	      0.08251990	      0.05507007	      0.05698303	      0.06408346	      0.06303047	      0.05043992	      0.06209895	      0.05972867	      0.06428054	      0.05550584	      0.06070605	      0.04113306	      0.06599153	      0.06665474	      0.06653758	      0.07028198	      0.07750712	      0.04229977	      0.06486173	      0.06426226	      0.05399008	      0.09452866	      0.19784741	      0.17883981	      0.26357888	      0.15147773	      0.15226537	      0.13585133	      0.05978440	      0.02647197	      0.05791242	      0.06245194	      0.03250367	      0.08712111	      0.16236968	      0.07743549	      0.06897315	      0.12878411	      0.06449434
      5.00000000	    -78.88888889	      0.00350486	      0.06666161	      0.17690679	      0.21437307	      0.09072633	      0.19503137	      0.12385113	      0.14308268	      0.08588671	      0.06523259	      0.05739210	      0.08251990	      0.05507007	      0.05698303	      0.06408346	      0.06303047	      0.05043992	      0.06209895	      0.05972867	      0.06428054	      0.05550584	      0.06070605	      0.04113306	      0.06599153	      0.06665474	      0.06653758	      0.07028198	      0.07750712	      0.04229977	      0.06486173	      0.06426226	      0.05399008	      0.09565956	      0.19822739	      0.17903222	      0.26366012	      0.15226310	      0.15270227	      0.13617685	      0.05978440	      0.02647197	      0.05791242	      0.06232206	      0.03250367	      0.08700018	      0.16293203	      0.07740702	      0.06897315	      0.12907230	      0.06449434
      6.00000000	    -76.66666667	      0.00350486	      0.06666161	      0.17746783	      0.21463299	      0.09072633	      0.19503137	      0.12415435	      0.14295242	      0.08494287	      0.09120717	      0.05739210	      0.08251990	      0.05507007	      0.05698303	      0.06408346	      0.06303047	      0.05043992	      0.06209895	      0.05972867	      0.06428054	      0.05550584	      0.06070605	      0.04113306	      0.06599153	      0.06665474	      0.06653758	      0.07028198	      0.07750712	      0.04229977	      0.06486173	      0.06426226	      0.05399008	      0.09674942	      0.19863771	      0.17925153	      0.26375596	      0.15301686	      0.15308048	      0.13645440	      0.05978440	      0.02647197	      0.05791242	      0.06224812	      0.03250367	      0.08680185	      0.16351822	      0.07738285	      0.06897315	      0.12937548	      0.06449434
      7.00000000	    -74.44444444	      0.00350486	      0.06666161	      0.17804274	      0.21486506	      0.09072633	      0.19503137	      0.12441642	      0.14278729	      0.08399923	      0.08933254	      0.05739210	      0.08251990	      0.05507007	      0.05698303	      0.06408346	      0.06303047	      0.05043992	      0.06209895	      0.05972867	      0.06428054	      0.05550584	      0.06070605	      0.04113306	      0.06599153	      0.06665474	      0.06653758	      0.07028198	      0.07750712	      0.04229977	      0.06486173	      0.06426226	      0.05399008	      0.09778324	      0.19907788	      0.17949798	      0.26386686	      0.15373483	      0.15339729	      0.13668380	      0.05978440	      0.02647197	      0.05791242	      0.06222758	      0.03250367	      0.08652369	      0.16412748	      0.07736148	      0.06897315	      0.12969406	      0.06449434
      8.00000000	    -72.22222222	      0.00350486	      0.06666161	      0.17862969	      0.21506922	      0.09072633	      0.19503137	      0.12463707	      0.14258748	      0.08305750	      0.08308522	      0.05739210	      0.08251990	      0.05507007	      0.05698303	      0.06408346	      0.06303047	      0.05043992	      0.06209895	      0.05972867	      0.06428054	      0.05550584	      0.06070605	      0.04113306	      0.06599153	      0.06665474	      0.06653758	      0.07028198	      0.07750712	      0.04229977	      0.06486173	      0.06426226	      0.05399008	      0.09877531	      0.19954724	      0.17977174	      0.26399322	      0.15441124	      0.15365037	      0.13686495	      0.05978440	      0.02647197	      0.05791242	      0.06225729	      0.03250367	      0.08616441	      0.16475901	      0.07734133	      0.06897315	      0.13002848	      0.06449434
      9.00000000	    -70.00000000	      0.00350486	      0.06666161	      0.17922884	      0.21524538	      0.09072633	      0.19503137	      0.12481611	      0.14235307	      0.08211940	      0.08214351	      0.05739210	      0.08251990	      0.05507007	      0.05698303	      0.06408346	      0.06303047	      0.05043992	      0.06209895	      0.05972867	      0.06428054	      0.05550584	      0.06070605	      0.04113306	      0.06599153	      0.06665474	      0.06653758	      0.07028198	      0.07750712	      0.04229977	      0.06486173	      0.06426226	      0.05399008	      0.09943444	      0.20004514	      0.18007288	      0.26413538	      0.15503986	      0.15383770	      0.13699786	      0.05978440	      0.02647197	      0.05791242	      0.06233358	      0.03250367	      0.08572390	      0.16541196	      0.07732095	      0.06897315	      0.13037922	      0.06449434
     10.00000000	    -67.77777778	      0.00350486	      0.06666161	      0.17983785	      0.21539350	      0.09072633	      0.19503137	      0.12495370	      0.14208402	      0.08118659	      0.08156301	      0.05739210	      0.08251990	      0.05507007	      0.05698303	      0.06408346	      0.06303047	      0.05043992	      0.06209895	      0.05972867	      0.06428054	      0.05550584	      0.06070605	      0.04113306	      0.06599153	      0.06665474	      0.06653758	      0.07028198	      0.07750712	      0.04229977	      0.06486173	      0.06426226	      0.05399008	      0.09965330	      0.20057068	      0.18040136	      0.26429367	      0.15561475	      0.15395778	      0.13708275	      0.05978440	      0.02647197	      0.05791242	      0.06245237	      0.03250367	      0.08520290	      0.16608545	      0.07799754	      0.06897315	      0.13074673	      0.06449434
     11.00000000	    -65.55555556	      0.00350486	      0.06666161	      0.18045382	      0.21551355	      0.09072633	      0.19503137	      0.12504989	      0.14178011	      0.08026072	      0.08120025	      0.05739210	      0.08251990	      0.05507007	      0.05698303	      0.06408346	      0.06303047	      0.05043992	      0.06209895	      0.05972867	      0.06428054	      0.05550584	      0.06070605	      0.04113306	      0.06599153	      0.06665474	      0.06653758	      0.07028198	      0.07750712	      0.04229977	      0.06486173	      0.06426226	      0.05399008	      0.09963756	      0.20112294	      0.18075709	      0.26446840	      0.15612807	      0.15400966	      0.13711990	      0.05978440	      0.02647197	      0.05791242	      0.06260937	      0.03250367	      0.08460389	      0.16677854	      0.07799775	      0.06897315	      0.13113151	      0.06449434
     12.00000000	    -63.33333333	      0.00350486	      0.06666161	      0.18107430	      0.21560551	      0.09072633	      0.19503137	      0.12510412	      0.14144097	      0.07934338	      0.08104000	      0.05739210	      0.08251990	      0.05507007	      0.05698303	      0.06408346	      0.06303047	      0.05043992	      0.06209895	      0.05972867	      0.06428054	      0.05550584	      0.06070605	      0.04113306	      0.06599153	      0.06665474	      0.06653758	      0.07028198	      0.07750712	      0.04229977	      0.06486173	      0.06426226	      0.05399008	      0.09946422	      0.20170091	      0.18113986	      0.26465978	      0.15657312	      0.15399305	      0.13725549	      0.05978440	      0.02647197	      0.05791242	      0.06280009	      0.03250367	      0.08392947	      0.16749022	      0.07799704	      0.06897315	      0.13153401	      0.06449434
     13.00000000	    -61.11111111	      0.00350486	      0.06666161	      0.18169859	      0.21566936	      0.09072633	      0.19503137	      0.12511608	      0.14106609	      0.07843616	      0.08106633	      0.05739210	      0.08251990	      0.05507007	      0.05698303	      0.06408346	      0.06303047	      0.05043992	      0.06209895	      0.05972867	      0.06428054	      0.05550584	      0.06070605	      0.04113306	      0.06599153	      0.06665474	      0.06653758	      0.07028198	      0.07750712	      0.04229977	      0.06486173	      0.06426226	      0.05399008	      0.09917123	      0.20230347	      0.18154939	      0.26486806	      0.15694053	      0.15390838	      0.13719771	      0.05978440	      0.02647197	      0.05791242	      0.06302004	      0.03250367	      0.08318287	      0.16821951	      0.07799457	      0.06897315	      0.13195470	      0.06449434
     14.00000000	    -58.88888889	      0.00350486	      0.06666161	      0.18232854	      0.21570510	      0.09072633	      0.19503137	      0.12508573	      0.14065485	      0.07754051	      0.08126353	      0.05739210	      0.08251990	      0.05507007	      0.05698303	      0.06408346	      0.06303047	      0.05043992	      0.06209895	      0.05972867	      0.06428054	      0.05550584	      0.06070605	      0.04113306	      0.06599153	      0.06665474	      0.06653758	      0.07028198	      0.07750712	      0.04229977	      0.06486173	      0.06426226	      0.05399008	      0.09878135	      0.20292945	      0.18198529	      0.26509339	      0.15722136	      0.15375676	      0.13709307	      0.05978440	      0.02647197	      0.05791242	      0.06326480	      0.03250367	      0.08236854	      0.16896534	      0.07798895	      0.06897315	      0.13239402	      0.06449434
     15.00000000	    -56.66666667	      0.00350486	      0.06666161	      0.18298234	      0.21571275	      0.09072633	      0.19503137	      0.12501329	      0.14020648	      0.07665792	      0.08161606	      0.05739210	      0.08251990	      0.05507007	      0.05698303	      0.06408346	      0.06303047	      0.05043992	      0.06209895	      0.05972867	      0.06428054	      0.05550584	      0.06070605	      0.04113306	      0.06599153	      0.06665474	      0.06653758	      0.07028198	      0.07750712	      0.04229977	      0.06486173	      0.06426226	      0.05399008	      0.09831059	      0.20357760	      0.18244710	      0.26533587	      0.15740537	      0.15354006	      0.13694268	      0.05978440	      0.02647197	      0.05791242	      0.06353009	      0.03250367	      0.08149039	      0.16972666	      0.07797979	      0.06897315	      0.13285237	      0.06449434
     16.00000000	    -54.44444444	      0.00350486	      0.06666161	      0.18380720	      0.21569232	      0.09072633	      0.19503137	      0.12489927	      0.13972028	      0.07578973	      0.08210969	      0.05739210	      0.08251990	      0.05507007	      0.05698303	      0.06408346	      0.06303047	      0.05043992	      0.06209895	      0.05972867	      0.06428054	      0.05550584	      0.06070605	      0.04113306	      0.06599153	      0.06665474	      0.06653758	      0.07028198	      0.07750712	      0.04229977	      0.06486173	      0.06426226	      0.05399008	      0.09776982	      0.20424659	      0.18293427	      0.26559561	      0.15748124	      0.15326083	      0.13674778	      0.05978440	      0.02647197	      0.05791242	      0.06381181	      0.03250367	      0.08055250	      0.17050235	      0.07796634	      0.06897315	      0.13333017	      0.06449434
     17.00000000	    -52.22222222	      0.00350486	      0.06666161	      0.18341349	      0.21564384	      0.09072633	      0.19503137	      0.12474447	      0.13919411	      0.07493722	      0.08272786	      0.05739210	      0.08251990	      0.05507007	      0.05698303	      0.06408346	      0.06303047	      0.05043992	      0.06209895	      0.05972867	      0.06428054	      0.05550584	      0.06070605	      0.04113306	      0.06599153	      0.06665474	      0.06653758	      0.07028198	      0.07750712	      0.04229977	      0.06486173	      0.06426226	      0.05399008	      0.09716801	      0.20493506	      0.18344617	      0.26587262	      0.15743667	      0.15292215	      0.13650972	      0.05978440	      0.02647197	      0.05791242	      0.06410615	      0.03250367	      0.07955963	      0.17129130	      0.07794844	      0.06897315	      0.13382766	      0.06449434
     18.00000000	    -50.00000000	      0.00350486	      0.06666161	      0.18271164	      0.21556734	      0.09072633	      0.19503137	      0.12454910	      0.13861627	      0.07410163	      0.08345781	      0.05739210	      0.08251990	      0.05507007	      0.05698303	      0.06408346	      0.06303047	      0.05043992	      0.06209895	      0.05972867	      0.06428054	      0.05550584	      0.06070605	      0.04113306	      0.06599153	      0.06665474	      0.06653758	      0.07028198	      0.07750712	      0.04229977	      0.06486173	      0.06426226	      0.05399008	      0.09651194	      0.20564161	      0.18398208	      0.26616687	      0.15725974	      0.15252776	      0.13623001	      0.05978440	      0.02647197	      0.05791242	      0.06440954	      0.03250367	      0.07851554	      0.17209229	      0.07792567	      0.06897315	      0.13434520	      0.06449434
     19.00000000	    -47.77777778	      0.00350486	      0.06666161	      0.18206688	      0.21546287	      0.09072633	      0.19503137	      0.12431315	      0.13798395	      0.07328412	      0.08431624	      0.05739210	      0.08251990	      0.05507007	      0.05698303	      0.06408346	      0.06303047	      0.05043992	      0.06209895	      0.05972867	      0.06428054	      0.05550584	      0.06070605	      0.04113306	      0.06599153	      0.06665474	      0.06653758	      0.07028198	      0.07750712	      0.04229977	      0.06486173	      0.06426226	      0.05399008	      0.09580794	      0.20636474	      0.18454121	      0.26647834	      0.15694300	      0.15208176	      0.13591022	      0.05978440	      0.02647197	      0.05791242	      0.06471873	      0.03250367	      0.07742547	      0.17290423	      0.07789770	      0.06897315	      0.13488302	      0.06449434
     20.00000000	    -45.55555556	      0.00350486	      0.06666161	      0.18139190	      0.21533048	      0.09072633	      0.19503137	      0.12403702	      0.13756894	      0.07248580	      0.08521388	      0.05739210	      0.08251990	      0.05507007	      0.05698303	      0.06408346	      0.06303047	      0.05043992	      0.06209895	      0.05972867	      0.06428054	      0.05550584	      0.06070605	      0.04113306	      0.06599153	      0.06665474	      0.06653758	      0.07028198	      0.07750712	      0.04229977	      0.06486173	      0.06426226	      0.05399008	      0.09506161	      0.20710300	      0.18512269	      0.26680690	      0.15649118	      0.15158858	      0.13555204	      0.05978440	      0.02647197	      0.05791242	      0.06503077	      0.03250367	      0.07629511	      0.17372590	      0.07786439	      0.06897315	      0.13544115	      0.06449434
     21.00000000	    -43.33333333	      0.00350486	      0.06666161	      0.18068435	      0.21517022	      0.09072633	      0.19503137	      0.12372116	      0.13658751	      0.07170779	      0.08616489	      0.05739210	      0.08251990	      0.05507007	      0.05698303	      0.06408346	      0.06303047	      0.05043992	      0.06209895	      0.05972867	      0.06428054	      0.05550584	      0.06070605	      0.04113306	      0.06599153	      0.06665474	      0.06653758	      0.07028198	      0.07750712	      0.04229977	      0.06486173	      0.06426226	      0.05399008	      0.09427710	      0.20785483	      0.18572560	      0.26715240	      0.15593094	      0.15105289	      0.13515731	      0.05978440	      0.02647197	      0.05791242	      0.06534300	      0.03250367	      0.07512815	      0.17455612	      0.07782862	      0.06897315	      0.13601982	      0.06449434
     22.00000000	    -41.11111111	      0.00350486	      0.06666161	      0.17994387	      0.21498220	      0.09072633	      0.19503137	      0.12336608	      0.13577161	      0.07095108	      0.08717146	      0.05739210	      0.08251990	      0.05507007	      0.05698303	      0.06408346	      0.06303047	      0.05043992	      0.06209895	      0.05972867	      0.06428054	      0.05550584	      0.06070605	      0.04113306	      0.06599153	      0.06665474	      0.06653758	      0.07028198	      0.07750712	      0.04229977	      0.06486173	      0.06426226	      0.05399008	      0.09345928	      0.20861874	      0.18634896	      0.26751463	      0.15529660	      0.15047945	      0.13472788	      0.05978440	      0.02647197	      0.05791242	      0.06565308	      0.03250367	      0.07392883	      0.17539366	      0.07652680	      0.06897315	      0.13661899	      0.06449434
     23.00000000	    -38.88888889	      0.00350486	      0.06666161	      0.17917124	      0.21476649	      0.09072633	      0.19503137	      0.12297233	      0.13493341	      0.07021663	      0.08822922	      0.05739210	      0.08251990	      0.05507007	      0.05698303	      0.06408346	      0.06303047	      0.05043992	      0.06209895	      0.05972867	      0.06428054	      0.05550584	      0.06070605	      0.04113306	      0.06599153	      0.06665474	      0.06653758	      0.07028198	      0.07750712	      0.04229977	      0.06486173	      0.06426226	      0.05399008	      0.09261211	      0.20939313	      0.18699168	      0.26789333	      0.15461446	      0.14987304	      0.13426566	      0.05978440	      0.02647197	      0.05791242	      0.06595897	      0.03250367	      0.07270131	      0.17623729	      0.07639908	      0.06897315	      0.13723859	      0.06449434
     24.00000000	    -36.66666667	      0.00350486	      0.06666161	      0.17836592	      0.21452322	      0.09072633	      0.19503137	      0.12254052	      0.13404731	      0.06950537	      0.08933727	      0.05739210	      0.08251990	      0.05507007	      0.05698303	      0.06408346	      0.06303047	      0.05043992	      0.06209895	      0.05972867	      0.06428054	      0.05550584	      0.06070605	      0.04113306	      0.06599153	      0.06665474	      0.06653758	      0.07028198	      0.07750712	      0.04229977	      0.06486173	      0.06426226	      0.05399008	      0.09173935	      0.21017646	      0.18765267	      0.26828826	      0.15389899	      0.14923840	      0.13377272	      0.05978440	      0.02647197	      0.05791242	      0.06625890	      0.03250367	      0.07144882	      0.17708587	      0.07626013	      0.06897315	      0.13787848	      0.06449434
     25.00000000	    -34.44444444	      0.00350486	      0.06666161	      0.17752753	      0.21425253	      0.09072633	      0.19503137	      0.12207133	      0.13311499	      0.06881815	      0.09049538	      0.05739210	      0.08251990	      0.05507007	      0.05698303	      0.06408346	      0.06303047	      0.05043992	      0.06209895	      0.05972867	      0.06428054	      0.05550584	      0.06070605	      0.04113306	      0.06599153	      0.06665474	      0.06653758	      0.07028198	      0.07750712	      0.04229977	      0.06486173	      0.06426226	      0.05399008	      0.09084411	      0.21096717	      0.18833080	      0.26869903	      0.15315939	      0.14858013	      0.13325114	      0.05978440	      0.02647197	      0.05791242	      0.06655138	      0.03250367	      0.07017518	      0.17793815	      0.07610964	      0.06897315	      0.13853841	      0.06449434
     26.00000000	    -32.22222222	      0.00350486	      0.06666161	      0.17665445	      0.21395457	      0.09072633	      0.19503137	      0.12156545	      0.13213829	      0.06815579	      0.09169978	      0.05739210	      0.08251990	      0.05507007	      0.05698303	      0.06408346	      0.06303047	      0.05043992	      0.06209895	      0.05972867	      0.06428054	      0.05550584	      0.06070605	      0.04113306	      0.06599153	      0.06665474	      0.06653758	      0.07028198	      0.07750712	      0.04229977	      0.06486173	      0.06426226	      0.05399008	      0.08992993	      0.21176368	      0.18902484	      0.26912530	      0.15240301	      0.14790264	      0.13270307	      0.05978440	      0.02647197	      0.05791242	      0.06683519	      0.03250367	      0.06888339	      0.17879294	      0.07594773	      0.06897315	      0.13921805	      0.06449434
     27.00000000	    -30.00000000	      0.00350486	      0.06666161	      0.17574611	      0.21362940	      0.09072633	      0.19503137	      0.12102366	      0.13111914	      0.06751904	      0.09294966	      0.05739210	      0.08251990	      0.05507007	      0.05698303	      0.06408346	      0.06303047	      0.05043992	      0.06209895	      0.05972867	      0.06428054	      0.05550584	      0.06070605	      0.04113306	      0.06599153	      0.06665474	      0.06653758	      0.07028198	      0.07750712	      0.04229977	      0.06486173	      0.06426226	      0.05399008	      0.08899996	      0.17665649	      0.18973357	      0.26956663	      0.15163414	      0.14721015	      0.13213068	      0.05978440	      0.02647197	      0.05791242	      0.06710936	      0.03250367	      0.06757641	      0.17964902	      0.07577467	      0.06897315	      0.13991705	      0.06449434
     28.00000000	    -27.77777778	      0.00350486	      0.06666161	      0.17480002	      0.21327684	      0.09072633	      0.19503137	      0.12044678	      0.13005939	      0.06690851	      0.09422769	      0.05739210	      0.08251990	      0.05507007	      0.05698303	      0.06408346	      0.06303047	      0.05043992	      0.06209895	      0.05972867	      0.06428054	      0.05550584	      0.06070605	      0.04113306	      0.06599153	      0.06665474	      0.06653758	      0.07028198	      0.07750712	      0.04229977	      0.06486173	      0.06426226	      0.05399008	      0.08805747	      0.17755264	      0.19045571	      0.27002258	      0.15085714	      0.14650661	      0.13153620	      0.05978440	      0.02647197	      0.05791242	      0.06737318	      0.03250367	      0.06625638	      0.18050517	      0.07559061	      0.06897315	      0.14063480	      0.06449434
     29.00000000	    -25.55555556	      0.00350486	      0.06666161	      0.17381395	      0.21289702	      0.09072633	      0.19503137	      0.11983567	      0.12896079	      0.06632465	      0.09553066	      0.05739210	      0.08251990	      0.05507007	      0.05698303	      0.06408346	      0.06303047	      0.05043992	      0.06209895	      0.05972867	      0.06428054	      0.05550584	      0.06070605	      0.04113306	      0.06599153	      0.06665474	      0.06653758	      0.07028198	      0.07750712	      0.04229977	      0.06486173	      0.06426226	      0.05399008	      0.08710489	      0.17845129	      0.19118996	      0.27049263	      0.15007637	      0.14579486	      0.13092186	      0.05978440	      0.02647197	      0.05791242	      0.06762614	      0.03250367	      0.06492619	      0.18136032	      0.07539585	      0.06897315	      0.14137067	      0.06449434
     30.00000000	    -23.33333333	      0.00350486	      0.06666161	      0.17279018	      0.21249036	      0.09072633	      0.19503137	      0.11919126	      0.12782511	      0.06576793	      0.09685267	      0.05739210	      0.08251990	      0.05507007	      0.05698303	      0.06408346	      0.06303047	      0.05043992	      0.06209895	      0.05972867	      0.06428054	      0.05550584	      0.06070605	      0.04113306	      0.06599153	      0.06665474	      0.06653758	      0.07028198	      0.07750712	      0.04229977	      0.06486173	      0.06426226	      0.05399008	      0.08614554	      0.17935046	      0.19193503	      0.27097628	      0.14929361	      0.14506747	      0.13028991	      0.05978440	      0.02647197	      0.05791242	      0.06786798	      0.03250367	      0.06358855	      0.18221325	      0.07519070	      0.06897315	      0.14212390	      0.06449434
     31.00000000	    -21.11111111	      0.00350486	      0.06666161	      0.17172737	      0.21205672	      0.09072633	      0.19503137	      0.11851452	      0.12665415	      0.06523883	      0.09819167	      0.05739210	      0.08251990	      0.05507007	      0.05698303	      0.06408346	      0.06303047	      0.05043992	      0.06209895	      0.05972867	      0.06428054	      0.05550584	      0.06070605	      0.04113306	      0.06599153	      0.06665474	      0.06653758	      0.07028198	      0.07750712	      0.04229977	      0.06486173	      0.06426226	      0.05399008	      0.08518377	      0.18024812	      0.15486897	      0.27147296	      0.14851333	      0.14432404	      0.12964262	      0.05978440	      0.02647197	      0.05791242	      0.06809866	      0.03250367	      0.06224622	      0.14295511	      0.07497632	      0.06897315	      0.14289360	      0.06449434
     32.00000000	    -18.88888889	      0.00350486	      0.06666161	      0.17062541	      0.21159635	      0.09072633	      0.19503137	      0.11780646	      0.12544976	      0.06473784	      0.09954246	      0.05739210	      0.08251990	      0.05507007	      0.05698303	      0.06408346	      0.06303047	      0.05043992	      0.06209895	      0.05972867	      0.06428054	      0.05550584	      0.06070605	      0.04113306	      0.06599153	      0.06665474	      0.06653758	      0.07028198	      0.07750712	      0.04229977	      0.06486173	      0.06426226	      0.05399008	      0.08422198	      0.18114233	      0.15570181	      0.27198205	      0.14773724	      0.14356726	      0.12898223	      0.05978440	      0.02647197	      0.05791242	      0.06831831	      0.03250367	      0.06090213	      0.14401099	      0.22353809	      0.06897315	      0.14367879	      0.06449434
     33.00000000	    -16.66666667	      0.00350486	      0.06666161	      0.16948330	      0.21110987	      0.09072633	      0.19503137	      0.11706816	      0.12421381	      0.06426545	      0.10090401	      0.05739210	      0.08251990	      0.05507007	      0.05698303	      0.06408346	      0.06303047	      0.05043992	      0.06209895	      0.05972867	      0.06428054	      0.05550584	      0.06070605	      0.04113306	      0.06599153	      0.06665474	      0.06653758	      0.07028198	      0.07750712	      0.04229977	      0.06486173	      0.06426226	      0.05399008	      0.08326311	      0.18203125	      0.15654048	      0.27250296	      0.14696687	      0.14279983	      0.12831099	      0.05978440	      0.02647197	      0.05791242	      0.06852729	      0.03250367	      0.05955921	      0.14505778	      0.07451798	      0.06897315	      0.14447840	      0.06449434
     34.00000000	    -14.44444444	      0.00350486	      0.06666161	      0.16830135	      0.21059758	      0.09072633	      0.19503137	      0.11630074	      0.12294820	      0.06382215	      0.10227256	      0.05739210	      0.08251990	      0.05507007	      0.05698303	      0.06408346	      0.06303047	      0.05043992	      0.06209895	      0.05972867	      0.06428054	      0.05550584	      0.06070605	      0.04113306	      0.06599153	      0.06665474	      0.06653758	      0.07028198	      0.07750712	      0.04229977	      0.06486173	      0.06426226	      0.05399008	      0.08230919	      0.18291314	      0.15738330	      0.27303501	      0.14618364	      0.14202439	      0.12763109	      0.05978440	      0.02647197	      0.05791242	      0.06872613	      0.03250367	      0.05822214	      0.14609380	      0.07510625	      0.06897315	      0.14529125	      0.06449434
     35.00000000	    -12.22222222	      0.00350486	      0.06666161	      0.16707911	      0.21005996	      0.09072633	      0.19503137	      0.11550535	      0.12165483	      0.06340841	      0.10364505	      0.05739210	      0.08251990	      0.05507007	      0.05698303	      0.06408346	      0.06303047	      0.05043992	      0.06209895	      0.05972867	      0.06428054	      0.05550584	      0.06070605	      0.04113306	      0.06599153	      0.06665474	      0.06653758	      0.07028198	      0.07750712	      0.04229977	      0.06486173	      0.06426226	      0.05399008	      0.08136383	      0.18378635	      0.15822846	      0.27357757	      0.14538323	      0.14124358	      0.12694472	      0.05978440	      0.02647197	      0.05791242	      0.06891554	      0.03250367	      0.05689393	      0.14711746	      0.07478749	      0.06897315	      0.14611605	      0.06449434
     36.00000000	    -10.00000000	      0.00350486	      0.06666161	      0.16581785	      0.20949760	      0.09072633	      0.19503137	      0.11468318	      0.12033559	      0.06302469	      0.10502053	      0.05739210	      0.08251990	      0.05507007	      0.05698303	      0.06408346	      0.06303047	      0.05043992	      0.06209895	      0.05972867	      0.06428054	      0.05550584	      0.06070605	      0.04113306	      0.06599153	      0.06665474	      0.06653758	      0.07028198	      0.07750712	      0.04229977	      0.06486173	      0.06426226	      0.05399008	      0.08042906	      0.18464934	      0.15907420	      0.23417984	      0.14456862	      0.14046000	      0.12625401	      0.05978440	      0.02647197	      0.05791242	      0.06909640	      0.03250367	      0.05557830	      0.14812728	      0.07446346	      0.06897315	      0.14695144	      0.06449434
     37.00000000	     -7.77777778	      0.00350486	      0.06666161	      0.16451904	      0.20891118	      0.09072633	      0.19503137	      0.11383546	      0.11899235	      0.06267145	      0.10639541	      0.05739210	      0.08251990	      0.05507007	      0.05698303	      0.06408346	      0.06303047	      0.05043992	      0.06209895	      0.05972867	      0.06428054	      0.05550584	      0.06070605	      0.04113306	      0.06599153	      0.06665474	      0.06653758	      0.07028198	      0.07750712	      0.04229977	      0.06486173	      0.06426226	      0.05399008	      0.07950824	      0.18550063	      0.15991883	      0.23488317	      0.14374284	      0.13967617	      0.12556101	      0.05978440	      0.02647197	      0.05791242	      0.06926976	      0.03250367	      0.05427350	      0.14912183	      0.07621202	      0.06897315	      0.14779598	      0.06449434
     38.00000000	     -5.55555556	      0.00350486	      0.06666161	      0.16318499	      0.20830150	      0.09072633	      0.19503137	      0.11296345	      0.11762692	      0.06234910	      0.10776972	      0.05739210	      0.08251990	      0.05507007	      0.05698303	      0.06408346	      0.06303047	      0.05043992	      0.06209895	      0.05972867	      0.06428054	      0.05550584	      0.06070605	      0.04113306	      0.06599153	      0.06665474	      0.06653758	      0.07028198	      0.07750712	      0.04229977	      0.06486173	      0.06426226	      0.05399008	      0.07860455	      0.18633889	      0.16076073	      0.23558705	      0.14290887	      0.13889456	      0.12486775	      0.05978440	      0.02647197	      0.05791242	      0.06943678	      0.03250367	      0.05298683	      0.15009981	      0.07594643	      0.06897315	      0.14864812	      0.06449434
     39.00000000	     -3.33333333	      0.00350486	      0.06666161	      0.16181781	      0.20766948	      0.09072633	      0.19503137	      0.11206844	      0.11624101	      0.06205857	      0.10914045	      0.05739210	      0.08251990	      0.05507007	      0.05698303	      0.06408346	      0.06303047	      0.05043992	      0.06209895	      0.05972867	      0.06428054	      0.05550584	      0.06070605	      0.04113306	      0.06599153	      0.06665474	      0.06653758	      0.07028198	      0.07750712	      0.04229977	      0.06486173	      0.06426226	      0.05399008	      0.07772050	      0.18716285	      0.16159836	      0.23629016	      0.14206970	      0.13811756	      0.12417615	      0.05978440	      0.02647197	      0.05791242	      0.06959882	      0.03250367	      0.05172693	      0.15105999	      0.07565440	      0.06897315	      0.14950626	      0.06449434
     40.00000000	     -1.11111111	      0.00350486	      0.06666161	      0.16042083	      0.20701617	      0.09072633	      0.19503137	      0.11115180	      0.11483630	      0.06179861	      0.11050617	      0.05739210	      0.08251990	      0.05507007	      0.05698303	      0.06408346	      0.06303047	      0.05043992	      0.06209895	      0.05972867	      0.06428054	      0.05550584	      0.06070605	      0.04113306	      0.06599153	      0.06665474	      0.06653758	      0.07028198	      0.07750712	      0.04229977	      0.06486173	      0.06426226	      0.05399008	      0.07685967	      0.18797134	      0.16243024	      0.23699122	      0.14122831	      0.13734746	      0.12348806	      0.05978440	      0.02647197	      0.05791242	      0.06975730	      0.03250367	      0.05050302	      0.15200121	      0.07533973	      0.06897315	      0.15036872	      0.06449434
     41.00000000	      1.11111111	      0.00350486	      0.06666161	      0.15899845	      0.20634275	      0.09072633	      0.19503137	      0.11021466	      0.11341444	      0.06157117	      0.11186533	      0.05739210	      0.08251990	      0.05507007	      0.05698303	      0.06408346	      0.06303047	      0.05043992	      0.06209895	      0.05972867	      0.06428054	      0.05550584	      0.06070605	      0.04113306	      0.06599153	      0.06665474	      0.06653758	      0.07028198	      0.07750712	      0.04229977	      0.06486173	      0.06426226	      0.05399008	      0.07602403	      0.18876367	      0.16325498	      0.23768902	      0.14038759	      0.13658643	      0.12280522	      0.05978440	      0.02647197	      0.05791242	      0.06991380	      0.03250367	      0.04932480	      0.15292241	      0.07500581	      0.06897315	      0.15123374	      0.06449434
     42.00000000	      3.33333333	      0.00350486	      0.06666161	      0.15755423	      0.20565056	      0.09072633	      0.19503137	      0.10925849	      0.11197710	      0.06137598	      0.11321250	      0.05739210	      0.08251990	      0.05507007	      0.05698303	      0.06408346	      0.06303047	      0.05043992	      0.06209895	      0.05972867	      0.06428054	      0.05550584	      0.06070605	      0.04113306	      0.06599153	      0.06665474	      0.06653758	      0.07028198	      0.07750712	      0.04229977	      0.06486173	      0.06426226	      0.05399008	      0.07522947	      0.18954354	      0.16407125	      0.23838237	      0.13955040	      0.13583658	      0.12212929	      0.05978440	      0.02647197	      0.05791242	      0.07006997	      0.03250367	      0.04820244	      0.15382263	      0.07465595	      0.06897315	      0.15209954	      0.06449434
     43.00000000	      5.55555556	      0.00350486	      0.06666161	      0.15609362	      0.20494106	      0.09072633	      0.19503137	      0.10828466	      0.11052847	      0.06121330	      0.11454580	      0.05739210	      0.08251990	      0.05507007	      0.05698303	      0.06408346	      0.06303047	      0.05043992	      0.06209895	      0.05972867	      0.06428054	      0.05550584	      0.06070605	      0.04113306	      0.06599153	      0.06665474	      0.06653758	      0.07028198	      0.07750712	      0.04229977	      0.06486173	      0.06426226	      0.05399008	      0.07444745	      0.19031133	      0.16487780	      0.23907016	      0.13871950	      0.13509978	      0.12146180	      0.05978440	      0.02647197	      0.05791242	      0.07022757	      0.03250367	      0.04714639	      0.15470095	      0.07429283	      0.06897315	      0.15296425	      0.06449434
     44.00000000	      7.77777778	      0.00350486	      0.06666161	      0.15462088	      0.20421584	      0.09072633	      0.19503137	      0.10729456	      0.10907166	      0.06108332	      0.11586505	      0.05739210	      0.08251990	      0.05507007	      0.05698303	      0.06408346	      0.06303047	      0.05043992	      0.06209895	      0.05972867	      0.06428054	      0.05550584	      0.06070605	      0.04113306	      0.06599153	      0.06665474	      0.06653758	      0.07028198	      0.07750712	      0.04229977	      0.06486173	      0.06426226	      0.05399008	      0.07369342	      0.19106603	      0.16567656	      0.23975133	      0.13789756	      0.13437786	      0.12080418	      0.05978440	      0.02647197	      0.05791242	      0.07038840	      0.03250367	      0.04616744	      0.15555657	      0.07391956	      0.06897315	      0.15382599	      0.06449434
     45.00000000	     10.00000000	      0.00350486	      0.06666161	      0.15314007	      0.20347623	      0.09072633	      0.19503137	      0.10629042	      0.10760842	      0.06098620	      0.11717005	      0.05739210	      0.08251990	      0.05507007	      0.05698303	      0.06408346	      0.06303047	      0.05043992	      0.06209895	      0.05972867	      0.06428054	      0.05550584	      0.06070605	      0.04113306	      0.06599153	      0.06665474	      0.06653758	      0.07028198	      0.07750712	      0.04229977	      0.06486173	      0.06426226	      0.05399008	      0.07297108	      0.19180667	      0.16647038	      0.24042486	      0.13708714	      0.13367244	      0.12015769	      0.05978440	      0.02647197	      0.05791242	      0.07055432	      0.03250367	      0.04527661	      0.15638874	      0.07353950	      0.06897315	      0.15468253	      0.06449434
     46.00000000	     12.22222222	      0.00350486	      0.06666161	      0.15165403	      0.20272345	      0.09072633	      0.19503137	      0.10527500	      0.10614047	      0.06092206	      0.11846065	      0.05739210	      0.08251990	      0.05507007	      0.05698303	      0.06408346	      0.06303047	      0.05043992	      0.06209895	      0.05972867	      0.06428054	      0.05550584	      0.06070605	      0.04113306	      0.06599153	      0.06665474	      0.06653758	      0.07028198	      0.07750712	      0.04229977	      0.06486173	      0.06426226	      0.05399008	      0.07228351	      0.19253236	      0.16725820	      0.24108979	      0.13629066	      0.13298500	      0.11952352	      0.05978440	      0.02647197	      0.05791242	      0.07072722	      0.03250367	      0.04448497	      0.15719679	      0.07315523	      0.06897315	      0.15553107	      0.06449434
     47.00000000	     14.44444444	      0.00350486	      0.06666161	      0.15016687	      0.20195874	      0.09072633	      0.19503137	      0.10424989	      0.10466944	      0.06089094	      0.11973680	      0.05739210	      0.08251990	      0.05507007	      0.05698303	      0.06408346	      0.06303047	      0.05043992	      0.06209895	      0.05972867	      0.06428054	      0.05550584	      0.06070605	      0.04113306	      0.06599153	      0.06665474	      0.06653758	      0.07028198	      0.07750712	      0.04229977	      0.06486173	      0.06426226	      0.05399008	      0.07163304	      0.19324225	      0.16803899	      0.24174524	      0.13551037	      0.13231683	      0.11890267	      0.05978440	      0.02647197	      0.05791242	      0.07090899	      0.03250367	      0.04380333	      0.15798013	      0.07276885	      0.06897315	      0.15636964	      0.06449434
     48.00000000	     16.66666667	      0.00350486	      0.06666161	      0.14868280	      0.20118341	      0.09072633	      0.19503137	      0.10321669	      0.10319691	      0.06089287	      0.12099851	      0.05739210	      0.08251990	      0.05507007	      0.05698303	      0.06408346	      0.06303047	      0.05043992	      0.06209895	      0.05972867	      0.06428054	      0.05550584	      0.06070605	      0.04113306	      0.06599153	      0.06665474	      0.06653758	      0.07028198	      0.07750712	      0.04229977	      0.06486173	      0.06426226	      0.05399008	      0.07102130	      0.19393554	      0.16881176	      0.24239037	      0.13474838	      0.13166905	      0.11829606	      0.05978440	      0.02647197	      0.05791242	      0.07110151	      0.03250367	      0.04324177	      0.15873823	      0.07238195	      0.06897315	      0.15719631	      0.06449434
     49.00000000	     18.88888889	      0.00350486	      0.06666161	      0.14720569	      0.20039874	      0.09072633	      0.19503137	      0.10217699	      0.10172440	      0.06092780	      0.12224577	      0.05739210	      0.08251990	      0.05507007	      0.05698303	      0.06408346	      0.06303047	      0.05043992	      0.06209895	      0.05972867	      0.06428054	      0.05550584	      0.06070605	      0.04113306	      0.06599153	      0.06665474	      0.06653758	      0.07028198	      0.07750712	      0.04229977	      0.06486173	      0.06426226	      0.05399008	      0.07044928	      0.19461149	      0.16957554	      0.24302438	      0.13400660	      0.13104255	      0.11770445	      0.05978440	      0.02647197	      0.05791242	      0.07130662	      0.03250367	      0.04280940	      0.15947062	      0.07199671	      0.06897315	      0.15800918	      0.06449434
     50.00000000	     21.11111111	      0.00350486	      0.06666161	      0.14574083	      0.19960626	      0.09072633	      0.19503137	      0.10113236	      0.10025314	      0.06099565	      0.12347857	      0.05739210	      0.08251990	      0.05507007	      0.05698303	      0.06408346	      0.06303047	      0.05043992	      0.06209895	      0.05972867	      0.06428054	      0.05550584	      0.06070605	      0.04113306	      0.06599153	      0.06665474	      0.06653758	      0.07028198	      0.07750712	      0.04229977	      0.06486173	      0.06426226	      0.05399008	      0.06991754	      0.19526943	      0.17032942	      0.24364657	      0.13328671	      0.13043807	      0.11712846	      0.05978440	      0.02647197	      0.05791242	      0.07152610	      0.03250367	      0.04251348	      0.16017812	      0.07161421	      0.06897315	      0.15880632	      0.06449434
     51.00000000	     23.33333333	      0.00350486	      0.06666161	      0.14429281	      0.19880728	      0.09072633	      0.19503137	      0.10008439	      0.09878376	      0.06109628	      0.12469687	      0.05739210	      0.08251990	      0.05507007	      0.05698303	      0.06408346	      0.06303047	      0.05043992	      0.06209895	      0.05972867	      0.06428054	      0.05550584	      0.06070605	      0.04113306	      0.06599153	      0.06665474	      0.06653758	      0.07028198	      0.07750712	      0.04229977	      0.06486173	      0.06426226	      0.05399008	      0.06942633	      0.19590876	      0.17107251	      0.24426257	      0.13259021	      0.12985611	      0.11656856	      0.05978440	      0.02647197	      0.05791242	      0.07176165	      0.03250367	      0.04235928	      0.16086436	      0.07123569	      0.06897315	      0.15958586	      0.06449434
     52.00000000	     25.55555556	      0.00350486	      0.06666161	      0.14286775	      0.19800324	      0.09072633	      0.19503137	      0.09903465	      0.09731681	      0.06122951	      0.12590059	      0.05739210	      0.08251990	      0.05507007	      0.05698303	      0.06408346	      0.06303047	      0.05043992	      0.06209895	      0.05972867	      0.06428054	      0.05550584	      0.06070605	      0.04113306	      0.06599153	      0.06665474	      0.06653758	      0.07028198	      0.07750712	      0.04229977	      0.06486173	      0.06426226	      0.05399008	      0.06897575	      0.19652891	      0.17180398	      0.24487670	      0.13191835	      0.12929697	      0.11602504	      0.05978440	      0.02647197	      0.05791242	      0.07201486	      0.03250367	      0.04234960	      0.16152919	      0.07086186	      0.06897315	      0.16034592	      0.06449434
     53.00000000	     27.77777778	      0.00350486	      0.06666161	      0.14147111	      0.19719564	      0.09072633	      0.19503137	      0.09798471	      0.09585282	      0.06139512	      0.12708962	      0.05739210	      0.08251990	      0.05507007	      0.05698303	      0.06408346	      0.06303047	      0.05043992	      0.06209895	      0.05972867	      0.06428054	      0.05550584	      0.06070605	      0.04113306	      0.06599153	      0.06665474	      0.06653758	      0.07028198	      0.07750712	      0.04229977	      0.06486173	      0.06426226	      0.05399008	      0.06856583	      0.19712939	      0.17252303	      0.24548828	      0.13127211	      0.12876076	      0.11549803	      0.05978440	      0.02647197	      0.05791242	      0.07228721	      0.03250367	      0.04248449	      0.16217219	      0.07049403	      0.06897315	      0.16108466	      0.06449434
     54.00000000	     30.00000000	      0.00350486	      0.06666161	      0.14011006	      0.19638597	      0.09072633	      0.19503137	      0.09693609	      0.09439228	      0.06159284	      0.12826382	      0.05739210	      0.08251990	      0.05507007	      0.05698303	      0.06408346	      0.06303047	      0.05043992	      0.06209895	      0.05972867	      0.06428054	      0.05550584	      0.06070605	      0.04113306	      0.06599153	      0.06665474	      0.06653758	      0.07028198	      0.07750712	      0.04229977	      0.06486173	      0.06426226	      0.05399008	      0.06819666	      0.19770978	      0.17322892	      0.24609669	      0.13065224	      0.12824737	      0.11498754	      0.05978440	      0.02647197	      0.05791242	      0.07258000	      0.03250367	      0.04276125	      0.16279293	      0.07013253	      0.06897315	      0.16180028	      0.06449434
     55.00000000	     32.22222222	      0.00350486	      0.06666161	      0.13879147	      0.19557575	      0.09072633	      0.19503137	      0.09589019	      0.09293571	      0.06182237	      0.12942298	      0.05739210	      0.08251990	      0.05507007	      0.05698303	      0.06408346	      0.06303047	      0.05043992	      0.06209895	      0.05972867	      0.06428054	      0.05550584	      0.06070605	      0.04113306	      0.06599153	      0.06665474	      0.06653758	      0.07028198	      0.07750712	      0.04229977	      0.06486173	      0.06426226	      0.05399008	      0.06786832	      0.19826203	      0.17392095	      0.24670131	      0.13005923	      0.12775646	      0.11449339	      0.05978440	      0.02647197	      0.05791242	      0.07289440	      0.03250367	      0.04317471	      0.16339111	      0.06977781	      0.06897315	      0.16249101	      0.06449434
     56.00000000	     34.44444444	      0.00350486	      0.06666161	      0.13752363	      0.19476648	      0.09072633	      0.19503137	      0.09484819	      0.09148361	      0.06208335	      0.13056687	      0.05739210	      0.08251990	      0.05507007	      0.05698303	      0.06408346	      0.06303047	      0.05043992	      0.06209895	      0.05972867	      0.06428054	      0.05550584	      0.06070605	      0.04113306	      0.06599153	      0.06665474	      0.06653758	      0.07028198	      0.07750712	      0.04229977	      0.06486173	      0.06426226	      0.05399008	      0.06758099	      0.19878234	      0.17459847	      0.24730154	      0.12949326	      0.12728754	      0.11401528	      0.05978440	      0.02647197	      0.05791242	      0.07323137	      0.03250367	      0.04371757	      0.16396651	      0.06942990	      0.06897315	      0.16315513	      0.06449434
     57.00000000	     36.66666667	      0.00350486	      0.06666161	      0.13631529	      0.19395970	      0.09072633	      0.19503137	      0.09381126	      0.09003648	      0.06237540	      0.13169520	      0.05739210	      0.08251990	      0.05507007	      0.05698303	      0.06408346	      0.06303047	      0.05043992	      0.06209895	      0.05972867	      0.06428054	      0.05550584	      0.06070605	      0.04113306	      0.06599153	      0.06665474	      0.06653758	      0.07028198	      0.07750712	      0.04229977	      0.06486173	      0.06426226	      0.05399008	      0.06733481	      0.19929709	      0.17523692	      0.24789682	      0.12895428	      0.12683988	      0.11355275	      0.05978440	      0.02647197	      0.05791242	      0.07359171	      0.03250367	      0.04438082	      0.16451879	      0.06908941	      0.06897315	      0.16379096	      0.06449434
     58.00000000	     38.88888889	      0.00350486	      0.06666161	      0.13517714	      0.19315692	      0.09072633	      0.19503137	      0.09278075	      0.08859486	      0.06269813	      0.13280763	      0.05739210	      0.08251990	      0.05507007	      0.05698303	      0.06408346	      0.06303047	      0.05043992	      0.06209895	      0.05972867	      0.06428054	      0.05550584	      0.06070605	      0.04113306	      0.06599153	      0.06665474	      0.06653758	      0.07028198	      0.07750712	      0.04229977	      0.06486173	      0.06426226	      0.05399008	      0.06712996	      0.19979056	      0.17588007	      0.24848659	      0.12844194	      0.12641259	      0.11310524	      0.05978440	      0.02647197	      0.05791242	      0.07397598	      0.03250367	      0.04515433	      0.16504781	      0.06875673	      0.06897315	      0.16439689	      0.06449434
     59.00000000	     41.11111111	      0.00350486	      0.06666161	      0.13412007	      0.19235965	      0.09072633	      0.19503137	      0.09175751	      0.08715930	      0.06305109	      0.13390375	      0.05739210	      0.08251990	      0.05507007	      0.05698303	      0.06408346	      0.06303047	      0.05043992	      0.06209895	      0.05972867	      0.06428054	      0.05550584	      0.06070605	      0.04113306	      0.06599153	      0.06665474	      0.06653758	      0.07028198	      0.07750712	      0.04229977	      0.06486173	      0.06426226	      0.05399008	      0.06696649	      0.20026261	      0.17650688	      0.24907034	      0.12795564	      0.12600459	      0.11267203	      0.05978440	      0.02647197	      0.05791242	      0.07438460	      0.03250367	      0.04602727	      0.16555341	      0.06843016	      0.06897315	      0.16497135	      0.06449434
     60.00000000	     43.33333333	      0.00350486	      0.06666161	      0.13315686	      0.19156938	      0.09072633	      0.19503137	      0.09074304	      0.08573039	      0.06343382	      0.13498313	      0.05739210	      0.08251990	      0.05507007	      0.05698303	      0.06408346	      0.06303047	      0.05043992	      0.06209895	      0.05972867	      0.06428054	      0.05550584	      0.06070605	      0.04113306	      0.06599153	      0.06665474	      0.06653758	      0.07028198	      0.07750712	      0.04229977	      0.06486173	      0.06426226	      0.05399008	      0.06684435	      0.20071328	      0.17711679	      0.24964757	      0.12749449	      0.12561465	      0.11225233	      0.05978440	      0.02647197	      0.05791242	      0.07481846	      0.03250367	      0.04698851	      0.16603551	      0.06811004	      0.06897315	      0.16551286	      0.06449434
     61.00000000	     45.55555556	      0.00350486	      0.06666161	      0.13230250	      0.19078758	      0.09072633	      0.19503137	      0.08973905	      0.08430875	      0.06384585	      0.13604525	      0.05739210	      0.08251990	      0.05507007	      0.05698303	      0.06408346	      0.06303047	      0.05043992	      0.06209895	      0.05972867	      0.06428054	      0.05550584	      0.06070605	      0.04113306	      0.06599153	      0.06665474	      0.06653758	      0.07028198	      0.07750712	      0.04229977	      0.06486173	      0.06426226	      0.05399008	      0.06676329	      0.20114249	      0.17770955	      0.25021779	      0.12705736	      0.12524137	      0.11184523	      0.05978440	      0.02647197	      0.05791242	      0.07527796	      0.03250367	      0.04802697	      0.16649405	      0.06779654	      0.06897315	      0.16602000	      0.06449434
     62.00000000	     47.77777778	      0.00350486	      0.06666161	      0.13133792	      0.19001577	      0.09072633	      0.19503137	      0.08874743	      0.08289520	      0.06428670	      0.13708959	      0.05739210	      0.08251990	      0.05507007	      0.05698303	      0.06408346	      0.06303047	      0.05043992	      0.06209895	      0.05972867	      0.06428054	      0.05550584	      0.06070605	      0.04113306	      0.06599153	      0.06665474	      0.06653758	      0.07028198	      0.07750712	      0.04229977	      0.06486173	      0.06426226	      0.05399008	      0.06672279	      0.20155048	      0.17828470	      0.25078057	      0.12664289	      0.12488324	      0.11144972	      0.05978440	      0.02647197	      0.05791242	      0.07576320	      0.03250367	      0.04913180	      0.16692902	      0.06748898	      0.06897315	      0.16649142	      0.06449434
     63.00000000	     50.00000000	      0.00350486	      0.06666161	      0.13075227	      0.18925543	      0.09072633	      0.19503137	      0.08776969	      0.08149150	      0.06475585	      0.13811535	      0.05739210	      0.08251990	      0.05507007	      0.05698303	      0.06408346	      0.06303047	      0.05043992	      0.06209895	      0.05972867	      0.06428054	      0.05550584	      0.06070605	      0.04113306	      0.06599153	      0.06665474	      0.06653758	      0.07028198	      0.07750712	      0.04229977	      0.06486173	      0.06426226	      0.05399008	      0.06672203	      0.20193726	      0.17884195	      0.25133549	      0.12624947	      0.12453862	      0.11106472	      0.05978440	      0.02647197	      0.05791242	      0.07627410	      0.03250367	      0.05029254	      0.16734045	      0.06718684	      0.06897315	      0.16692585	      0.06449434
     64.00000000	     52.22222222	      0.00350486	      0.06666161	      0.13030467	      0.18850797	      0.09072633	      0.19503137	      0.08680434	      0.08009980	      0.06525282	      0.13912213	      0.05739210	      0.08251990	      0.05507007	      0.05698303	      0.06408346	      0.06303047	      0.05043992	      0.06209895	      0.05972867	      0.06428054	      0.05550584	      0.06070605	      0.04113306	      0.06599153	      0.06665474	      0.06653758	      0.07028198	      0.07750712	      0.04229977	      0.06486173	      0.06426226	      0.05399008	      0.06675987	      0.20230279	      0.17938120	      0.25188215	      0.12587530	      0.12420574	      0.11068910	      0.05978440	      0.02647197	      0.05791242	      0.07681182	      0.03250367	      0.05149901	      0.16772843	      0.06688928	      0.06897315	      0.16732212	      0.06449434
     65.00000000	     54.44444444	      0.00350486	      0.06666161	      0.13000510	      0.18777474	      0.09072633	      0.19503137	      0.08585704	      0.07872213	      0.06577709	      0.14010899	      0.05739210	      0.08251990	      0.05507007	      0.05698303	      0.06408346	      0.06303047	      0.05043992	      0.06209895	      0.05972867	      0.06428054	      0.05550584	      0.06070605	      0.04113306	      0.06599153	      0.06665474	      0.06653758	      0.07028198	      0.07750712	      0.04229977	      0.06486173	      0.06426226	      0.05399008	      0.06683475	      0.20264794	      0.17990177	      0.25240733	      0.12551836	      0.12388280	      0.11032165	      0.05978440	      0.02647197	      0.05791242	      0.07737444	      0.03250367	      0.05274154	      0.16809305	      0.06659604	      0.06897315	      0.16767912	      0.06449434
     66.00000000	     56.66666667	      0.00350486	      0.06666161	      0.12986073	      0.18705698	      0.09072633	      0.19503137	      0.08492769	      0.07737754	      0.06632818	      0.14107520	      0.05739210	      0.08251990	      0.05507007	      0.05698303	      0.06408346	      0.06303047	      0.05043992	      0.06209895	      0.05972867	      0.06428054	      0.05550584	      0.06070605	      0.04113306	      0.06599153	      0.06665474	      0.06653758	      0.07028198	      0.07750712	      0.04229977	      0.06486173	      0.06426226	      0.05399008	      0.06694476	      0.20297270	      0.18040419	      0.25293470	      0.12517649	      0.12356788	      0.10996116	      0.05978440	      0.02647197	      0.05791242	      0.07796313	      0.03250367	      0.05402057	      0.16843446	      0.06630608	      0.06897315	      0.16799585	      0.06449434
     67.00000000	     58.88888889	      0.00350486	      0.06666161	      0.12987523	      0.18635592	      0.09072633	      0.19503137	      0.08401785	      0.07613038	      0.06690560	      0.14201991	      0.05739210	      0.08251990	      0.05507007	      0.05698303	      0.06408346	      0.06303047	      0.05043992	      0.06209895	      0.05972867	      0.06428054	      0.05550584	      0.06070605	      0.04113306	      0.06599153	      0.06665474	      0.06653758	      0.07028198	      0.07750712	      0.04229977	      0.06486173	      0.06426226	      0.05399008	      0.06708758	      0.20327743	      0.18088808	      0.25345265	      0.12484736	      0.12325904	      0.10960636	      0.05978440	      0.02647197	      0.05791242	      0.07857682	      0.03250367	      0.05533573	      0.16872352	      0.06601821	      0.06897315	      0.16827140	      0.06449434
     68.00000000	     61.11111111	      0.00350486	      0.06666161	      0.13004842	      0.18567264	      0.09072633	      0.19503137	      0.08312903	      0.07501573	      0.06750890	      0.14294222	      0.05739210	      0.08251990	      0.05507007	      0.05698303	      0.06408346	      0.06303047	      0.05043992	      0.06209895	      0.05972867	      0.06428054	      0.05550584	      0.06070605	      0.04113306	      0.06599153	      0.06665474	      0.06653758	      0.07028198	      0.07750712	      0.04229977	      0.06486173	      0.06426226	      0.05399008	      0.06726052	      0.20356261	      0.18135336	      0.25396102	      0.12452851	      0.12295431	      0.10925598	      0.05978440	      0.02647197	      0.05791242	      0.07921497	      0.03250367	      0.05668076	      0.16901627	      0.06573234	      0.06897315	      0.16850493	      0.06449434
     69.00000000	     63.33333333	      0.00350486	      0.06666161	      0.13037626	      0.18500819	      0.09072633	      0.19503137	      0.08226283	      0.07410042	      0.06813761	      0.14384215	      0.05739210	      0.08251990	      0.05507007	      0.05698303	      0.06408346	      0.06303047	      0.05043992	      0.06209895	      0.05972867	      0.06428054	      0.05550584	      0.06070605	      0.04113306	      0.06599153	      0.06665474	      0.06653758	      0.07028198	      0.07750712	      0.04229977	      0.06486173	      0.06426226	      0.05399008	      0.06746058	      0.20383038	      0.18180004	      0.25445940	      0.12421741	      0.12265171	      0.10890876	      0.05978440	      0.02647197	      0.05791242	      0.07987785	      0.03250367	      0.05804967	      0.16928639	      0.06544782	      0.06897315	      0.16907886	      0.06449434
     70.00000000	     65.55555556	      0.00350486	      0.06666161	      0.13085130	      0.18436351	      0.09072633	      0.19503137	      0.08142079	      0.07211491	      0.06879116	      0.14474009	      0.05739210	      0.08251990	      0.05507007	      0.05698303	      0.06408346	      0.06303047	      0.05043992	      0.06209895	      0.05972867	      0.06428054	      0.05550584	      0.06070605	      0.04113306	      0.06599153	      0.06665474	      0.06653758	      0.07028198	      0.07750712	      0.04229977	      0.06486173	      0.06426226	      0.05399008	      0.06768444	      0.20408295	      0.18222818	      0.25494768	      0.12391142	      0.12234925	      0.10856346	      0.05978440	      0.02647197	      0.05791242	      0.08056468	      0.03250367	      0.05943688	      0.16953412	      0.06516368	      0.06897315	      0.16932314	      0.06449434
     71.00000000	     67.77777778	      0.00350486	      0.06666161	      0.13146338	      0.18373944	      0.09072633	      0.19503137	      0.08060451	      0.07086318	      0.06946882	      0.14564308	      0.05739210	      0.08251990	      0.05507007	      0.05698303	      0.06408346	      0.06303047	      0.05043992	      0.06209895	      0.05972867	      0.06428054	      0.05550584	      0.06070605	      0.04113306	      0.06599153	      0.06665474	      0.06653758	      0.07028198	      0.07750712	      0.04229977	      0.06486173	      0.06426226	      0.05399008	      0.06792853	      0.20432007	      0.18263781	      0.25542555	      0.12360786	      0.12204498	      0.10821884	      0.05978440	      0.02647197	      0.05791242	      0.08127506	      0.03250367	      0.06083811	      0.16975985	      0.06487898	      0.06897315	      0.16953520	      0.06449434
     72.00000000	     70.00000000	      0.00350486	      0.06666161	      0.13220056	      0.18313675	      0.09072633	      0.19503137	      0.07981557	      0.06963901	      0.07016981	      0.14654896	      0.05739210	      0.08251990	      0.05507007	      0.05698303	      0.06408346	      0.06303047	      0.05043992	      0.06209895	      0.05972867	      0.06428054	      0.05550584	      0.06070605	      0.04113306	      0.06599153	      0.06665474	      0.06653758	      0.07028198	      0.07750712	      0.04229977	      0.06486173	      0.06426226	      0.05399008	      0.06818913	      0.20454160	      0.18302905	      0.25589292	      0.12330401	      0.12173699	      0.10787373	      0.05978440	      0.02647197	      0.05791242	      0.08200829	      0.03250367	      0.06225043	      0.16996384	      0.06459355	      0.06897315	      0.16971587	      0.06449434
     73.00000000	     72.22222222	      0.00350486	      0.06666161	      0.13304980	      0.18255611	      0.09072633	      0.19503137	      0.07905566	      0.06844410	      0.07089330	      0.14745530	      0.05739210	      0.08251990	      0.05507007	      0.05698303	      0.06408346	      0.06303047	      0.05043992	      0.06209895	      0.05972867	      0.06428054	      0.05550584	      0.06070605	      0.04113306	      0.06599153	      0.06665474	      0.06653758	      0.07028198	      0.07750712	      0.04229977	      0.06486173	      0.06426226	      0.05399008	      0.06846233	      0.20474747	      0.18340205	      0.25634931	      0.12299716	      0.12142344	      0.10752700	      0.05978440	      0.02647197	      0.05791242	      0.08276448	      0.03250367	      0.06367129	      0.17014642	      0.06430647	      0.06897315	      0.16986399	      0.06449434
     74.00000000	     74.44444444	      0.00350486	      0.06666161	      0.13399617	      0.18199810	      0.09072633	      0.19503137	      0.07832655	      0.06728015	      0.07163843	      0.14835934	      0.05739210	      0.08251990	      0.05507007	      0.05698303	      0.06408346	      0.06303047	      0.05043992	      0.06209895	      0.05972867	      0.06428054	      0.05550584	      0.06070605	      0.04113306	      0.06599153	      0.06665474	      0.06653758	      0.07028198	      0.07750712	      0.04229977	      0.06486173	      0.06426226	      0.05399008	      0.06874420	      0.20493768	      0.18375682	      0.25679506	      0.12268459	      0.12110254	      0.10717761	      0.05978440	      0.02647197	      0.05791242	      0.08354295	      0.03250367	      0.06509845	      0.17030809	      0.06401692	      0.06897315	      0.16997838	      0.06449434
     75.00000000	     76.66666667	      0.00350486	      0.06666161	      0.13502350	      0.18146323	      0.09072633	      0.19503137	      0.07762990	      0.06614879	      0.07240427	      0.14925799	      0.05739210	      0.08251990	      0.05507007	      0.05698303	      0.06408346	      0.06303047	      0.05043992	      0.06209895	      0.05972867	      0.06428054	      0.05550584	      0.06070605	      0.04113306	      0.06599153	      0.06665474	      0.06653758	      0.07028198	      0.07750712	      0.04229977	      0.06486173	      0.06426226	      0.05399008	      0.06903074	      0.20511488	      0.18409392	      0.25722988	      0.12236364	      0.12077264	      0.10682457	      0.05978440	      0.02647197	      0.05791242	      0.08434331	      0.03250367	      0.06652993	      0.17044906	      0.06372483	      0.06897315	      0.17005796	      0.06449434
     76.00000000	     78.88888889	      0.00350486	      0.06666161	      0.13611898	      0.18095190	      0.09072633	      0.19503137	      0.07696732	      0.06505174	      0.07318990	      0.15014778	      0.05739210	      0.08251990	      0.05507007	      0.05698303	      0.06408346	      0.06303047	      0.05043992	      0.06209895	      0.05972867	      0.06428054	      0.05550584	      0.06070605	      0.04113306	      0.06599153	      0.06665474	      0.06653758	      0.07028198	      0.07750712	      0.04229977	      0.06486173	      0.06426226	      0.05399008	      0.06931800	      0.20528718	      0.18441339	      0.25765360	      0.12203169	      0.12043214	      0.10646695	      0.05978440	      0.02647197	      0.05791242	      0.08516521	      0.03250367	      0.06796391	      0.17056995	      0.06342977	      0.06897315	      0.17010176	      0.06449434
     77.00000000	     81.11111111	      0.00350486	      0.06666161	      0.13727039	      0.18046446	      0.09072633	      0.19503137	      0.07634031	      0.06399077	      0.07399425	      0.15102482	      0.05739210	      0.08251990	      0.05507007	      0.05698303	      0.06408346	      0.06303047	      0.05043992	      0.06209895	      0.05972867	      0.06428054	      0.05550584	      0.06070605	      0.04113306	      0.06599153	      0.06665474	      0.06653758	      0.07028198	      0.07750712	      0.04229977	      0.06486173	      0.06426226	      0.05399008	      0.06960206	      0.20541715	      0.18471552	      0.25806621	      0.12168623	      0.12007960	      0.10610409	      0.05978440	      0.02647197	      0.05791242	      0.08600831	      0.03250367	      0.06939874	      0.17067090	      0.06313070	      0.06897315	      0.17010894	      0.06449434
     78.00000000	     83.33333333	      0.00350486	      0.06666161	      0.13846676	      0.18000116	      0.09072633	      0.19503137	      0.07575031	      0.06296769	      0.07481629	      0.15188476	      0.05739210	      0.08251990	      0.05507007	      0.05698303	      0.06408346	      0.06303047	      0.05043992	      0.06209895	      0.05972867	      0.06428054	      0.05550584	      0.06070605	      0.04113306	      0.06599153	      0.06665474	      0.06653758	      0.07028198	      0.07750712	      0.04229977	      0.06486173	      0.06426226	      0.05399008	      0.06987913	      0.20554565	      0.18500062	      0.25846765	      0.12132479	      0.11972732	      0.10574926	      0.05978440	      0.02647197	      0.05791242	      0.08687230	      0.03250367	      0.07083269	      0.17075206	      0.06282795	      0.06897315	      0.17007876	      0.06449434
     79.00000000	     85.55555556	      0.00350486	      0.06666161	      0.13969820	      0.17956209	      0.09072633	      0.19503137	      0.07519866	      0.06198437	      0.07565492	      0.15272275	      0.05739210	      0.08251990	      0.05507007	      0.05698303	      0.06408346	      0.06303047	      0.05043992	      0.06209895	      0.05972867	      0.06428054	      0.05550584	      0.06070605	      0.04113306	      0.06599153	      0.06665474	      0.06653758	      0.07028198	      0.07750712	      0.04229977	      0.06486173	      0.06426226	      0.05399008	      0.07014554	      0.20565959	      0.18526895	      0.25885786	      0.12094506	      0.11939352	      0.10542195	      0.05978440	      0.02647197	      0.05791242	      0.08775715	      0.03250367	      0.07226470	      0.17081461	      0.06252121	      0.06897315	      0.17001070	      0.06449434
     80.00000000	     87.77777778	      0.00350486	      0.06666161	      0.14095564	      0.17914771	      0.09072633	      0.19503137	      0.07468661	      0.06104273	      0.07650897	      0.15353341	      0.05739210	      0.08251990	      0.05507007	      0.05698303	      0.06408346	      0.06303047	      0.05043992	      0.06209895	      0.05972867	      0.06428054	      0.05550584	      0.06070605	      0.04113306	      0.06599153	      0.06665474	      0.06653758	      0.07028198	      0.07750712	      0.04229977	      0.06486173	      0.06426226	      0.05399008	      0.07039777	      0.20575932	      0.18552083	      0.25923688	      0.12054485	      0.11908057	      0.10512418	      0.05978440	      0.02647197	      0.05791242	      0.08866299	      0.03250367	      0.07369239	      0.17085859	      0.06220980	      0.06897315	      0.16990435	      0.06449434
     81.00000000	     90.00000000	      0.00350486	      0.06666161	      0.14223155	      0.17875788	      0.09072633	      0.19503137	      0.07421535	      0.06014449	      0.07737726	      0.15431079	      0.05739210	      0.08251990	      0.05507007	      0.05698303	      0.06408346	      0.06303047	      0.05043992	      0.06209895	      0.05972867	      0.06428054	      0.05550584	      0.06070605	      0.04113306	      0.06599153	      0.06665474	      0.06653758	      0.07028198	      0.07750712	      0.04229977	      0.06486173	      0.06426226	      0.05399008	      0.07063249	      0.20575232	      0.18575663	      0.25960444	      0.12012208	      0.11879119	      0.10485809	      0.05978440	      0.02647197	      0.05791242	      0.08959015	      0.03250367	      0.07511322	      0.17088449	      0.06189433	      0.06897315	      0.16975952	      0.06449434
     82.00000000	     92.22222222	      0.00350486	      0.06666161	      0.14351857	      0.17839263	      0.09072633	      0.19503137	      0.07378597	      0.05929115	      0.07825851	      0.15504838	      0.05739210	      0.08251990	      0.05507007	      0.05698303	      0.06408346	      0.06303047	      0.05043992	      0.06209895	      0.05972867	      0.06428054	      0.05550584	      0.06070605	      0.04113306	      0.06599153	      0.06665474	      0.06653758	      0.07028198	      0.07750712	      0.04229977	      0.06486173	      0.06426226	      0.05399008	      0.07084656	      0.20581183	      0.18597673	      0.25996093	      0.11967488	      0.11852862	      0.10462600	      0.05978440	      0.02647197	      0.05791242	      0.09053911	      0.03250367	      0.07652455	      0.17089264	      0.06157407	      0.06897315	      0.16957620	      0.06449434
     83.00000000	     94.44444444	      0.00350486	      0.06666161	      0.14481023	      0.17805196	      0.09072633	      0.19503137	      0.07339946	      0.05848445	      0.07915135	      0.15573915	      0.05739210	      0.08251990	      0.05507007	      0.05698303	      0.06408346	      0.06303047	      0.05043992	      0.06209895	      0.05972867	      0.06428054	      0.05550584	      0.06070605	      0.04113306	      0.06599153	      0.06665474	      0.06653758	      0.07028198	      0.07750712	      0.04229977	      0.06486173	      0.06426226	      0.05399008	      0.07103703	      0.20586150	      0.18618141	      0.26030626	      0.11920150	      0.11828697	      0.10443046	      0.05978440	      0.02647197	      0.05791242	      0.09151018	      0.03250367	      0.07792360	      0.17088356	      0.06124981	      0.06897315	      0.16935454	      0.06449434
     84.00000000	     96.66666667	      0.00350486	      0.06666161	      0.14610068	      0.17773584	      0.09072633	      0.19503137	      0.07305677	      0.05772639	      0.08005441	      0.15637563	      0.05739210	      0.08251990	      0.05507007	      0.05698303	      0.06408346	      0.06303047	      0.05043992	      0.06209895	      0.05972867	      0.06428054	      0.05550584	      0.06070605	      0.04113306	      0.06599153	      0.06665474	      0.06653758	      0.07028198	      0.07750712	      0.04229977	      0.06486173	      0.06426226	      0.05399008	      0.07120118	      0.20590260	      0.18637091	      0.26064040	      0.11870042	      0.11808535	      0.10427421	      0.05978440	      0.02647197	      0.05791242	      0.09250010	      0.03250367	      0.07930667	      0.17085771	      0.06092088	      0.06897315	      0.16909489	      0.06449434
     85.00000000	     98.88888889	      0.00350486	      0.06666161	      0.14738458	      0.17744420	      0.09072633	      0.19503137	      0.07275875	      0.05701920	      0.08096620	      0.15695007	      0.05739210	      0.08251990	      0.05507007	      0.05698303	      0.06408346	      0.06303047	      0.05043992	      0.06209895	      0.05972867	      0.06428054	      0.05550584	      0.06070605	      0.04113306	      0.06599153	      0.06665474	      0.06653758	      0.07028198	      0.07750712	      0.04229977	      0.06486173	      0.06426226	      0.05399008	      0.07133652	      0.20593648	      0.18654588	      0.26096345	      0.11817027	      0.11792252	      0.10415255	      0.05978440	      0.02647197	      0.05791242	      0.09350707	      0.03250367	      0.08066813	      0.17081541	      0.06058820	      0.06897315	      0.16879778	      0.06449434
     86.00000000	    101.11111111	      0.00350486	      0.06666161	      0.15204971	      0.17717698	      0.09072633	      0.19503137	      0.07250616	      0.05636525	      0.08188521	      0.15745466	      0.05739210	      0.08251990	      0.05507007	      0.05698303	      0.06408346	      0.06303047	      0.05043992	      0.06209895	      0.05972867	      0.06428054	      0.05550584	      0.06070605	      0.04113306	      0.06599153	      0.06665474	      0.06653758	      0.07028198	      0.07750712	      0.04229977	      0.06486173	      0.06426226	      0.05399008	      0.07144079	      0.20608574	      0.18670655	      0.26127544	      0.11761050	      0.11780440	      0.10408074	      0.05978440	      0.02647197	      0.05791242	      0.09453174	      0.03250367	      0.08200399	      0.17075726	      0.06025095	      0.06897315	      0.16846387	      0.06449434
     87.00000000	    103.33333333	      0.00350486	      0.06666161	      0.15362513	      0.17693408	      0.09072633	      0.19503137	      0.07229970	      0.05576704	      0.08280988	      0.15788189	      0.05739210	      0.08251990	      0.05507007	      0.05698303	      0.06408346	      0.06303047	      0.05043992	      0.06209895	      0.05972867	      0.06428054	      0.05550584	      0.06070605	      0.04113306	      0.06599153	      0.06665474	      0.06653758	      0.07028198	      0.07750712	      0.04229977	      0.06486173	      0.06426226	      0.05399008	      0.07151195	      0.20609946	      0.18685330	      0.26157646	      0.11703946	      0.11773739	      0.10405695	      0.05978440	      0.02647197	      0.05791242	      0.09557325	      0.03250367	      0.08331057	      0.17068352	      0.05991050	      0.06897315	      0.16809397	      0.06449434
     88.00000000	    105.55555556	      0.00350486	      0.06666161	      0.15520581	      0.17671543	      0.09072633	      0.19503137	      0.07213997	      0.05522717	      0.08373864	      0.15822499	      0.05739210	      0.08251990	      0.05507007	      0.05698303	      0.06408346	      0.06303047	      0.05043992	      0.06209895	      0.05972867	      0.06428054	      0.05550584	      0.06070605	      0.04113306	      0.06599153	      0.06665474	      0.06653758	      0.07028198	      0.07750712	      0.04229977	      0.06486173	      0.06426226	      0.05399008	      0.07154821	      0.20610295	      0.18698645	      0.26186661	      0.11646743	      0.11772882	      0.10408423	      0.05978440	      0.02647197	      0.05791242	      0.09663074	      0.03250367	      0.08458219	      0.17059468	      0.05956643	      0.06897315	      0.16768905	      0.06449434
     89.00000000	    107.77777778	      0.00350486	      0.06666161	      0.15678504	      0.17652094	      0.09072633	      0.19503137	      0.07202750	      0.05474823	      0.08466988	      0.15847850	      0.05739210	      0.08251990	      0.05507007	      0.05698303	      0.06408346	      0.06303047	      0.05043992	      0.06209895	      0.05972867	      0.06428054	      0.05550584	      0.06070605	      0.04113306	      0.06599153	      0.06665474	      0.06653758	      0.07028198	      0.07750712	      0.04229977	      0.06486173	      0.06426226	      0.05399008	      0.07154801	      0.20609675	      0.18710638	      0.26214593	      0.11589649	      0.11778639	      0.10416650	      0.05978440	      0.02647197	      0.05791242	      0.09770336	      0.03250367	      0.08581171	      0.17049126	      0.05921911	      0.06897315	      0.16725014	      0.06449434
     90.00000000	    110.00000000	      0.00350486	      0.06666161	      0.15835590	      0.17635053	      0.09072633	      0.19503137	      0.07196275	      0.05433285	      0.08560196	      0.15863841	      0.05739210	      0.08251990	      0.05507007	      0.05698303	      0.06408346	      0.06303047	      0.05043992	      0.06209895	      0.05972867	      0.06428054	      0.05550584	      0.06070605	      0.04113306	      0.06599153	      0.06665474	      0.06653758	      0.07028198	      0.07750712	      0.04229977	      0.06486173	      0.06426226	      0.05399008	      0.07151003	      0.20608137	      0.18721343	      0.26241453	      0.11532945	      0.11791838	      0.10430711	      0.05978440	      0.02647197	      0.05791242	      0.09879027	      0.03250367	      0.08698940	      0.17037332	      0.05886962	      0.06897315	      0.16677842	      0.06449434
     91.00000000	    112.22222222	      0.00350486	      0.06666161	      0.15991137	      0.17620416	      0.09072633	      0.19503137	      0.07194607	      0.05398358	      0.08653323	      0.15870259	      0.05739210	      0.08251990	      0.05507007	      0.05698303	      0.06408346	      0.06303047	      0.05043992	      0.06209895	      0.05972867	      0.06428054	      0.05550584	      0.06070605	      0.04113306	      0.06599153	      0.06665474	      0.06653758	      0.07028198	      0.07750712	      0.04229977	      0.06486173	      0.06426226	      0.05399008	      0.07143319	      0.20605729	      0.18730791	      0.26267240	      0.11477010	      0.11813301	      0.10450933	      0.05978440	      0.02647197	      0.05791242	      0.09988938	      0.03250367	      0.08810285	      0.17024178	      0.05851780	      0.06897315	      0.16627512	      0.06449434
     92.00000000	    114.44444444	      0.00350486	      0.06666161	      0.16144482	      0.17608178	      0.09072633	      0.19503137	      0.07197774	      0.05370288	      0.08746203	      0.15867094	      0.05739210	      0.08251990	      0.05507007	      0.05698303	      0.06408346	      0.06303047	      0.05043992	      0.06209895	      0.05972867	      0.06428054	      0.05550584	      0.06070605	      0.04113306	      0.06599153	      0.06665474	      0.06653758	      0.07028198	      0.07750712	      0.04229977	      0.06486173	      0.06426226	      0.05399008	      0.07131663	      0.20602502	      0.18739016	      0.26291987	      0.11421741	      0.11843796	      0.10477682	      0.05978440	      0.02647197	      0.05791242	      0.10100085	      0.03250367	      0.08913406	      0.17009686	      0.05816442	      0.06897315	      0.16574157	      0.06449434
     93.00000000	    116.66666667	      0.00350486	      0.06666161	      0.16295051	      0.17598338	      0.09072633	      0.19503137	      0.07205797	      0.05349308	      0.08838671	      0.15854523	      0.05739210	      0.08251990	      0.05507007	      0.05698303	      0.06408346	      0.06303047	      0.05043992	      0.06209895	      0.05972867	      0.06428054	      0.05550584	      0.06070605	      0.04113306	      0.06599153	      0.06665474	      0.06653758	      0.07028198	      0.07750712	      0.04229977	      0.06486173	      0.06426226	      0.05399008	      0.07115976	      0.20598501	      0.18746046	      0.26315695	      0.11368862	      0.11883994	      0.10511242	      0.05978440	      0.02647197	      0.05791242	      0.10212346	      0.03250367	      0.09005889	      0.16993893	      0.05780998	      0.06897315	      0.16517916	      0.06449434
     94.00000000	    118.88888889	      0.00350486	      0.06666161	      0.16442256	      0.17590896	      0.09072633	      0.19503137	      0.07218684	      0.05335641	      0.08930562	      0.15832892	      0.05739210	      0.08251990	      0.05507007	      0.05698303	      0.06408346	      0.06303047	      0.05043992	      0.06209895	      0.05972867	      0.06428054	      0.05550584	      0.06070605	      0.04113306	      0.06599153	      0.06665474	      0.06653758	      0.07028198	      0.07750712	      0.04229977	      0.06486173	      0.06426226	      0.05399008	      0.07096220	      0.20593768	      0.18751918	      0.26338372	      0.11318932	      0.11934401	      0.10551895	      0.05978440	      0.02647197	      0.05791242	      0.10325595	      0.03250367	      0.09084697	      0.16976843	      0.05745473	      0.06897315	      0.16458936	      0.06449434
     95.00000000	    121.11111111	      0.00350486	      0.06666161	      0.16585650	      0.17585856	      0.09072633	      0.19503137	      0.07236438	      0.05329483	      0.09021710	      0.15802673	      0.05739210	      0.08251990	      0.05507007	      0.05698303	      0.06408346	      0.06303047	      0.05043992	      0.06209895	      0.05972867	      0.06428054	      0.05550584	      0.06070605	      0.04113306	      0.06599153	      0.06665474	      0.06653758	      0.07028198	      0.07750712	      0.04229977	      0.06486173	      0.06426226	      0.05399008	      0.07072382	      0.20588344	      0.18756648	      0.26360033	      0.11273325	      0.11995299	      0.10599848	      0.05978440	      0.02647197	      0.05791242	      0.10439706	      0.03250367	      0.09146377	      0.16958578	      0.05709896	      0.06897315	      0.16397369	      0.06449434
     96.00000000	    123.33333333	      0.00350486	      0.06666161	      0.16724912	      0.17583224	      0.09072633	      0.19503137	      0.07259047	      0.05331004	      0.09111953	      0.15764407	      0.05739210	      0.08251990	      0.05507007	      0.05698303	      0.06408346	      0.06303047	      0.05043992	      0.06209895	      0.05972867	      0.06428054	      0.05550584	      0.06070605	      0.04113306	      0.06599153	      0.06665474	      0.06653758	      0.07028198	      0.07750712	      0.04229977	      0.06486173	      0.06426226	      0.05399008	      0.07044472	      0.20582267	      0.18760271	      0.26380680	      0.11234003	      0.12066730	      0.10655252	      0.05978440	      0.02647197	      0.05791242	      0.10554519	      0.03250367	      0.09187775	      0.16939135	      0.05674318	      0.06897315	      0.16333246	      0.06449434
     97.00000000	    125.55555556	      0.00350486	      0.06666161	      0.16859618	      0.17583009	      0.09072633	      0.19503137	      0.07286493	      0.05340362	      0.09201133	      0.15718690	      0.05739210	      0.08251990	      0.05507007	      0.05698303	      0.06408346	      0.06303047	      0.05043992	      0.06209895	      0.05972867	      0.06428054	      0.05550584	      0.06070605	      0.04113306	      0.06599153	      0.06665474	      0.06653758	      0.07028198	      0.07750712	      0.04229977	      0.06486173	      0.06426226	      0.05399008	      0.07012525	      0.20575573	      0.18762809	      0.26400332	      0.11203781	      0.12148468	      0.10718199	      0.05978440	      0.02647197	      0.05791242	      0.10669940	      0.03250367	      0.09207477	      0.16918562	      0.05638677	      0.06897315	      0.16266912	      0.06449434
     98.00000000	    127.77777778	      0.00350486	      0.06666161	      0.16989613	      0.17585222	      0.09072633	      0.19503137	      0.07318746	      0.05357689	      0.09289090	      0.15666122	      0.05739210	      0.08251990	      0.05507007	      0.05698303	      0.06408346	      0.06303047	      0.05043992	      0.06209895	      0.05972867	      0.06428054	      0.05550584	      0.06070605	      0.04113306	      0.06599153	      0.06665474	      0.06653758	      0.07028198	      0.07750712	      0.04229977	      0.06486173	      0.06426226	      0.05399008	      0.06976597	      0.20568295	      0.18764286	      0.26419003	      0.11186725	      0.12240060	      0.10788680	      0.05978440	      0.02647197	      0.05791242	      0.10785794	      0.03250367	      0.09206488	      0.16896888	      0.05603073	      0.06897315	      0.16198376	      0.06449434
     99.00000000	    130.00000000	      0.00350486	      0.06666161	      0.17114717	      0.17589878	      0.09072633	      0.19503137	      0.07355762	      0.05383083	      0.09375679	      0.15607284	      0.05739210	      0.08251990	      0.05507007	      0.05698303	      0.06408346	      0.06303047	      0.05043992	      0.06209895	      0.05972867	      0.06428054	      0.05550584	      0.06070605	      0.04113306	      0.06599153	      0.06665474	      0.06653758	      0.07028198	      0.07750712	      0.04229977	      0.06486173	      0.06426226	      0.05399008	      0.06936770	      0.20560462	      0.18764712	      0.26436695	      0.11188591	      0.12340857	      0.10866629	      0.05978440	      0.02647197	      0.05791242	      0.10901893	      0.03250367	      0.09187957	      0.16874164	      0.05567554	      0.06897315	      0.16127972	      0.06449434
