UNKNOWN
version=1
nRows=100
nColumns=52
inDegrees=no
endheader
time	elbow_flexion	ANC	APL	BIClong	BICshort	BRA	BRD	CORB	DELT1	DELT2	DELT3	ECRB	ECRL	ECU	EDCI	EDCL	EDCM	EDCR	EDM	EIP	EPB	EPL	FCR	FCU	FDPI	FDPL	FDPM	FDPR	FDSI	FDSL	FDSM	FDSR	FPL	INFSP	LAT1	LAT2	LAT3	PECM1	PECM2	PECM3	PL	PQ	PT	SUBSC	SUP	SUPSP	TMAJ	TMIN	TRIlat	TRIlong	TRImed
      0.00000000	      0.00000000	      0.00000006	      0.00000000	     11.94497936	     39.06003552	      0.00000001	      0.00000001	      0.00000001	      0.00000011	      0.00000008	      0.00000000	      0.00000000	     -0.00000000	      0.00000001	      0.00000000	      0.00000000	      0.00000000	      0.00000001	      0.00000000	     -0.00000000	      0.00000000	     -0.00000000	      0.00000000	      0.00000002	      0.00000001	      0.00000001	      0.00000001	      0.00000001	      0.00000000	      0.00000000	      0.00000001	      0.00000001	      0.00000000	      0.00000002	      0.00000001	      0.00000002	      0.00000000	      0.00000002	      0.00000002	      0.00000003	      0.00000000	      0.00000000	      1.59767427	     -0.00000001	      0.00000000	     -0.00000000	      0.00000000	      0.00000001	      0.00000007	     35.90187830	      0.00000008
      1.00000000	      1.31313131	      0.00000006	      0.00000000	     11.25506606	     38.38350452	      0.00000000	      0.00000000	      0.00000001	      0.00000011	      0.00000008	      0.00000000	      0.00000000	     -0.00000000	      0.00000001	      0.00000000	      0.00000000	      0.00000000	      0.00000001	      0.00000000	     -0.00000000	      0.00000000	     -0.00000000	      0.00000000	      0.00000002	      0.00000001	      0.00000001	      0.00000001	      0.00000001	      0.00000000	      0.00000000	      0.00000001	      0.00000001	      0.00000000	      0.00000002	      0.00000001	      0.00000002	      0.00000000	      0.00000002	      0.00000002	      0.00000003	      0.00000000	      0.00000000	      1.25629252	     -0.00000001	      0.00000000	     -0.00000000	      0.00000000	      0.00000001	      0.00000007	     37.92437360	      0.00000007
      2.00000000	      2.62626263	      0.00000006	      0.00000000	     10.58347811	     37.71136634	      0.00000000	      0.00000000	      0.00000001	      0.00000011	      0.00000008	      0.00000000	      0.00000000	     -0.00000000	      0.00000001	      0.00000000	      0.00000000	      0.00000000	      0.00000001	      0.00000000	     -0.00000000	      0.00000000	     -0.00000000	      0.00000000	      0.00000002	      0.00000001	      0.00000001	      0.00000001	      0.00000001	      0.00000000	      0.00000000	      0.00000001	      0.00000001	      0.00000000	      0.00000002	      0.00000001	      0.00000002	      0.00000000	      0.00000002	      0.00000002	      0.00000003	      0.00000000	      0.00000000	      0.93391528	     -0.00000001	      0.00000000	     -0.00000000	      0.00000000	      0.00000001	      0.00000007	     40.04830333	      0.00000007
      3.00000000	      3.93939394	      0.00000006	      0.00000000	      9.92709631	     37.03998841	     -0.00000000	     -0.00000000	      0.00000001	      0.00000011	      0.00000008	      0.00000000	      0.00000000	     -0.00000000	      0.00000001	      0.00000000	      0.00000000	      0.00000000	      0.00000000	      0.00000000	     -0.00000000	      0.00000000	     -0.00000000	      0.00000000	      0.00000002	      0.00000001	      0.00000001	      0.00000001	      0.00000001	      0.00000000	      0.00000000	      0.00000001	      0.00000001	      0.00000000	      0.00000002	      0.00000001	      0.00000002	      0.00000000	      0.00000002	      0.00000002	      0.00000003	      0.00000000	      0.00000000	      0.64307987	     -0.00000001	      0.00000000	     -0.00000000	      0.00000000	      0.00000001	      0.00000007	     42.26941429	      0.00000007
      4.00000000	      5.25252526	      0.00000006	      0.00000000	      9.28641514	     36.36946429	     -0.00000000	     -0.00000000	      0.00000001	      0.00000011	      0.00000008	      0.00000000	      0.00000000	     -0.00000000	      0.00000000	      0.00000000	      0.00000000	      0.00000000	      0.00000000	      0.00000000	     -0.00000000	      0.00000000	     -0.00000000	      0.00000000	      0.00000002	      0.00000001	      0.00000001	      0.00000001	      0.00000001	      0.00000000	      0.00000000	      0.00000001	      0.00000001	      0.00000000	      0.00000002	      0.00000001	      0.00000002	      0.00000000	      0.00000002	      0.00000002	      0.00000003	      0.00000000	      0.00000000	      0.39501402	     -0.00000001	      0.00000000	     -0.00000000	      0.00000000	      0.00000001	      0.00000007	     44.58361162	      0.00000007
      5.00000000	      6.56565657	      0.00000006	      0.00000000	      8.66194046	     35.69990184	     -0.00000000	     -0.00000000	      0.00000001	      0.00000011	      0.00000008	      0.00000000	      0.00000000	     -0.00000000	      0.00000000	      0.00000000	      0.00000000	      0.00000000	      0.00000000	      0.00000000	     -0.00000000	      0.00000000	     -0.00000000	      0.00000000	      0.00000002	      0.00000001	      0.00000001	      0.00000001	      0.00000001	      0.00000000	      0.00000000	      0.00000001	      0.00000001	      0.00000000	      0.00000002	      0.00000001	      0.00000002	      0.00000000	      0.00000002	      0.00000002	      0.00000003	      0.00000000	      0.00000000	      0.19982971	     -0.00000001	      0.00000000	     -0.00000000	      0.00000000	      0.00000001	      0.00000007	     46.98694312	      0.00000007
      6.00000000	      7.87878789	      0.00000006	      0.00000000	      8.05418762	     35.03140444	     -0.00000000	     -0.00000001	      0.00000001	      0.00000011	      0.00000008	      0.00000000	      0.00000000	     -0.00000000	      0.00000000	      0.00000000	     -0.00000000	      0.00000000	      0.00000000	      0.00000000	     -0.00000000	      0.00000000	     -0.00000000	      0.00000001	      0.00000002	      0.00000001	      0.00000001	      0.00000001	      0.00000001	      0.00000000	      0.00000000	      0.00000001	      0.00000001	      0.00000000	      0.00000002	      0.00000001	      0.00000002	      0.00000000	      0.00000002	      0.00000002	      0.00000003	      0.00000000	      0.00000000	      0.06668999	     -0.00000001	      0.00000000	     -0.00000000	      0.00000000	      0.00000001	      0.00000006	     49.47558398	      0.00000007
      7.00000000	      9.19191920	      0.00000006	      0.00000000	      7.45780504	     34.35734331	     -0.00000000	     -0.00000001	      0.00000001	      0.00000011	      0.00000008	      0.00000000	      0.00000000	     -0.00000000	      0.00000000	      0.00000000	     -0.00000000	      0.00000000	      0.00000000	      0.00000000	     -0.00000000	      0.00000000	     -0.00000000	      0.00000001	      0.00000003	      0.00000001	      0.00000001	      0.00000001	      0.00000001	      0.00000000	      0.00000000	      0.00000001	      0.00000001	      0.00000000	      0.00000002	      0.00000001	      0.00000002	      0.00000000	      0.00000002	      0.00000002	      0.00000003	      0.00000000	      0.00000000	      0.00394556	     -0.00000001	      0.00000000	     -0.00000000	      0.00000000	      0.00000001	      0.00000006	     52.04582265	      0.00000007
      8.00000000	     10.50505052	      0.00000005	      0.00000000	      6.84903594	     33.64849508	     -0.00000001	     -0.00000001	      0.00000001	      0.00000011	      0.00000008	      0.00000000	      0.00000000	     -0.00000000	      0.00000000	      0.00000000	     -0.00000000	      0.00000000	      0.00000000	      0.00000000	     -0.00000000	      0.00000000	     -0.00000000	      0.00000001	      0.00000003	      0.00000001	      0.00000001	      0.00000001	      0.00000001	      0.00000000	      0.00000000	      0.00000001	      0.00000001	      0.00000000	      0.00000002	      0.00000001	      0.00000002	      0.00000000	      0.00000002	      0.00000002	      0.00000003	      0.00000000	      0.00000000	      0.00000005	     -0.00000001	      0.00000000	     -0.00000000	      0.00000000	      0.00000001	      0.00000006	     54.69404798	      0.00000007
      9.00000000	     11.81818183	      0.00000005	      0.00000000	      6.22965869	     32.90242033	     -0.00000001	     -0.00000001	      0.00000001	      0.00000011	      0.00000008	      0.00000000	      0.00000000	     -0.00000000	      0.00000000	      0.00000000	     -0.00000000	      0.00000000	      0.00000000	      0.00000000	     -0.00000000	      0.00000000	     -0.00000000	      0.00000001	      0.00000003	      0.00000001	      0.00000001	      0.00000001	      0.00000001	      0.00000000	      0.00000000	      0.00000001	      0.00000001	      0.00000000	      0.00000002	      0.00000001	      0.00000002	      0.00000000	      0.00000002	      0.00000002	      0.00000003	      0.00000000	      0.00000000	     -0.00000002	     -0.00000001	      0.00000000	     -0.00000000	      0.00000000	      0.00000001	      0.00000006	     57.41673794	      0.00000007
     10.00000000	     13.13131315	      0.00000005	      0.00000000	      5.60412493	     32.12031447	     -0.00000001	     -0.00000001	      0.00000001	      0.00000011	      0.00000008	      0.00000000	      0.00000000	      0.00000000	      0.00000000	      0.00000000	     -0.00000000	      0.00000000	      0.00000000	      0.00000000	     -0.00000000	      0.00000000	     -0.00000000	      0.00000001	      0.00000003	      0.00000001	      0.00000001	      0.00000001	      0.00000001	      0.00000000	      0.00000000	      0.00000001	      0.00000001	      0.00000000	      0.00000002	      0.00000001	      0.00000002	      0.00000000	      0.00000002	      0.00000002	      0.00000003	      0.00000000	      0.00000000	      0.00000001	     -0.00000001	      0.00000000	     -0.00000000	      0.00000000	      0.00000001	      0.00000006	     60.21044987	      0.00000007
     11.00000000	     14.44444446	      0.00000005	      0.00000000	      4.97819648	     31.30346424	     -0.00000001	     -0.00000000	      0.00000001	      0.00000011	      0.00000008	      0.00000000	      0.00000000	      0.00000000	      0.00000000	      0.00000000	     -0.00000000	      0.00000000	      0.00000000	      0.00000000	     -0.00000000	      0.00000000	     -0.00000000	      0.00000001	      0.00000003	      0.00000001	      0.00000001	      0.00000001	      0.00000001	      0.00000000	      0.00000000	      0.00000001	      0.00000001	      0.00000000	      0.00000002	      0.00000001	      0.00000002	      0.00000000	      0.00000002	      0.00000002	      0.00000003	      0.00000000	      0.00000000	      0.00000002	     -0.00000001	      0.00000000	     -0.00000000	      0.00000000	      0.00000001	      0.00000006	     63.07181210	      0.00000007
     12.00000000	     15.75757577	      0.00000005	      0.00000000	      4.35770638	     30.45325110	     -0.00000001	     -0.00000000	      0.00000001	      0.00000011	      0.00000008	      0.00000000	      0.00000000	      0.00000000	      0.00000000	      0.00000000	     -0.00000000	      0.00000000	      0.00000000	      0.00000000	     -0.00000000	      0.00000000	     -0.00000000	      0.00000001	      0.00000003	      0.00000001	      0.00000001	      0.00000001	      0.00000001	      0.00000000	      0.00000000	      0.00000001	      0.00000001	      0.00000000	      0.00000002	      0.00000001	      0.00000002	      0.00000000	      0.00000002	      0.00000002	      0.00000003	      0.00000000	      0.00000000	      0.00000001	     -0.00000001	      0.00000000	     -0.00000000	      0.00000000	      0.00000001	      0.00000006	     65.99751699	      0.00000007
     13.00000000	     17.07070709	      0.00000005	      0.00000000	      3.74889878	     29.57115468	     -0.00000000	     -0.00000000	      0.00000001	      0.00000011	      0.00000008	      0.00000000	      0.00000000	      0.00000000	      0.00000000	      0.00000000	     -0.00000000	      0.00000000	      0.00000000	      0.00000000	     -0.00000000	      0.00000000	     -0.00000000	      0.00000001	      0.00000003	      0.00000001	      0.00000001	      0.00000001	      0.00000001	      0.00000000	      0.00000000	      0.00000001	      0.00000001	      0.00000000	      0.00000002	      0.00000001	      0.00000002	      0.00000000	      0.00000002	      0.00000002	      0.00000003	      0.00000000	      0.00000000	     -0.00000000	     -0.00000001	      0.00000000	     -0.00000000	      0.00000000	      0.00000001	      0.00000006	     68.98431510	      0.00000007
     14.00000000	     18.38383840	      0.00000005	      0.00000000	      3.15844336	     28.65875628	     -0.00000000	     -0.00000000	      0.00000001	      0.00000011	      0.00000008	      0.00000000	      0.00000000	      0.00000000	      0.00000000	      0.00000000	     -0.00000000	      0.00000000	      0.00000000	      0.00000000	     -0.00000000	      0.00000000	     -0.00000000	      0.00000001	      0.00000003	      0.00000001	      0.00000001	      0.00000001	      0.00000001	      0.00000000	      0.00000000	      0.00000001	      0.00000001	      0.00000000	      0.00000002	      0.00000001	      0.00000002	      0.00000000	      0.00000002	      0.00000002	      0.00000003	      0.00000000	      0.00000000	     -0.00000001	     -0.00000001	      0.00000000	     -0.00000000	      0.00000000	      0.00000001	      0.00000006	     72.02901046	      0.00000007
     15.00000000	     19.69696972	      0.00000005	      0.00000000	      2.59344988	     27.71774244	     -0.00000000	      0.00000000	      0.00000001	      0.00000011	      0.00000008	      0.00000000	      0.00000000	      0.00000000	      0.00000000	      0.00000000	     -0.00000000	      0.00000000	      0.00000000	      0.00000000	     -0.00000000	      0.00000000	     -0.00000000	      0.00000001	      0.00000003	      0.00000001	      0.00000001	      0.00000001	      0.00000001	      0.00000000	      0.00000000	      0.00000001	      0.00000001	      0.00000000	      0.00000002	      0.00000001	      0.00000002	      0.00000000	      0.00000002	      0.00000002	      0.00000003	      0.00000000	      0.00000000	     -0.00000001	     -0.00000001	      0.00000000	     -0.00000000	      0.00000000	      0.00000001	      0.00000006	     75.12845678	      0.00000006
     16.00000000	     21.01010103	      0.00000005	      0.00000000	      2.06148289	     26.74990847	     -0.00000000	      0.00000000	      0.00000001	      0.00000011	      0.00000008	      0.00000000	      0.00000000	      0.00000000	      0.00000000	      0.00000000	     -0.00000000	      0.00000000	      0.00000000	      0.00000000	     -0.00000000	      0.00000000	     -0.00000000	      0.00000001	      0.00000003	      0.00000001	      0.00000001	      0.00000001	      0.00000001	      0.00000000	      0.00000000	      0.00000001	      0.00000001	      0.00000000	      0.00000002	      0.00000001	      0.00000002	      0.00000000	      0.00000002	      0.00000002	      0.00000003	      0.00000000	      0.00000000	     -0.00000001	     -0.00000001	      0.00000000	     -0.00000000	      0.00000000	      0.00000001	      0.00000006	     78.27955448	      0.00000006
     17.00000000	     22.32323235	      0.00000005	      0.00000000	      1.57057650	     25.75716208	     -0.00000000	      0.00000000	      0.00000001	      0.00000011	      0.00000008	      0.00000000	      0.00000000	      0.00000000	      0.00000000	      0.00000000	     -0.00000000	      0.00000000	      0.00000000	      0.00000000	     -0.00000000	      0.00000000	     -0.00000000	      0.00000001	      0.00000003	      0.00000001	      0.00000001	      0.00000001	      0.00000001	      0.00000000	      0.00000000	      0.00000001	      0.00000001	      0.00000000	      0.00000002	      0.00000001	      0.00000002	      0.00000000	      0.00000002	      0.00000002	      0.00000003	      0.00000000	      0.00000000	     -0.00000001	     -0.00000001	      0.00000000	     -0.00000000	      0.00000000	      0.00000001	      0.00000006	     81.47924833	      0.00000006
     18.00000000	     23.63636366	      0.00000005	      0.00000000	      1.12924909	     24.74152685	     -0.00000000	      0.00000000	      0.00000001	      0.00000011	      0.00000008	      0.00000000	      0.00000000	      0.00000000	      0.00000000	      0.00000000	     -0.00000000	      0.00000000	      0.00000000	      0.00000000	     -0.00000000	      0.00000000	     -0.00000000	      0.00000001	      0.00000003	      0.00000001	      0.00000001	      0.00000001	      0.00000001	      0.00000000	      0.00000000	      0.00000001	      0.00000001	      0.00000000	      0.00000002	      0.00000001	      0.00000002	      0.00000000	      0.00000002	      0.00000002	      0.00000003	      0.00000000	      0.00000000	     -0.00000000	     -0.00000001	      0.00000000	     -0.00000000	      0.00000000	      0.00000001	      0.00000006	     84.72452581	      0.00000006
     19.00000000	     24.94949498	      0.00000005	      0.00000000	      0.74651798	     23.70514574	     -0.00000000	      0.00000000	      0.00000001	      0.00000011	      0.00000008	      0.00000000	      0.00000000	      0.00000000	      0.00000000	      0.00000000	     -0.00000000	      0.00000000	      0.00000000	      0.00000000	     -0.00000000	      0.00000000	     -0.00000000	      0.00000001	      0.00000003	      0.00000001	      0.00000001	      0.00000001	      0.00000001	      0.00000000	      0.00000000	      0.00000001	      0.00000001	      0.00000000	      0.00000002	      0.00000001	      0.00000002	      0.00000000	      0.00000002	      0.00000002	      0.00000003	      0.00000000	      0.00000000	      0.00000000	     -0.00000001	      0.00000000	     -0.00000000	      0.00000000	      0.00000001	      0.00000005	     88.01241588	      0.00000006
     20.00000000	     26.26262629	      0.00000005	      0.00000000	      0.43191393	     22.65028447	      0.00000000	      0.00000000	      0.00000001	      0.00000011	      0.00000008	      0.00000000	      0.00000000	      0.00000000	      0.00000000	      0.00000000	     -0.00000000	      0.00000000	      0.00000000	      0.00000000	     -0.00000000	      0.00000000	     -0.00000000	      0.00000001	      0.00000003	      0.00000001	      0.00000001	      0.00000001	      0.00000001	      0.00000000	      0.00000000	      0.00000001	      0.00000001	      0.00000000	      0.00000002	      0.00000001	      0.00000002	      0.00000000	      0.00000002	      0.00000002	      0.00000003	      0.00000000	      0.00000000	      0.00000001	     -0.00000001	      0.00000000	     -0.00000000	      0.00000000	      0.00000001	      0.00000005	     91.33998824	      0.00000006
     21.00000000	     27.57575761	      0.00000005	      0.00000000	      0.19552173	     21.57933485	      0.00000000	      0.00000000	      0.00000001	      0.00000011	      0.00000008	      0.00000000	      0.00000000	      0.00000000	      0.00000000	      0.00000000	     -0.00000000	      0.00000000	      0.00000000	      0.00000000	     -0.00000000	      0.00000000	     -0.00000000	      0.00000001	      0.00000003	      0.00000001	      0.00000001	      0.00000001	      0.00000001	      0.00000000	      0.00000000	      0.00000001	      0.00000001	      0.00000000	      0.00000002	      0.00000001	      0.00000002	      0.00000000	      0.00000002	      0.00000002	      0.00000003	      0.00000000	      0.00000000	      0.00000001	     -0.00000001	      0.00000000	     -0.00000000	      0.00000000	      0.00000001	      0.00000005	     94.70471249	      0.00000006
     22.00000000	     28.88888892	      0.00000005	      0.00000000	      0.04787116	     20.49481788	      0.00000000	      0.00000000	      0.00000001	      0.00000011	      0.00000008	      0.00000000	      0.00000000	      0.00000000	      0.00000000	      0.00000000	     -0.00000000	      0.00000000	      0.00000000	      0.00000000	     -0.00000000	      0.00000000	     -0.00000000	      0.00000001	      0.00000003	      0.00000001	      0.00000001	      0.00000001	      0.00000001	      0.00000000	      0.00000000	      0.00000001	      0.00000001	      0.00000000	      0.00000002	      0.00000001	      0.00000002	      0.00000000	      0.00000002	      0.00000002	      0.00000003	      0.00000000	      0.00000000	      0.00000001	     -0.00000001	      0.00000000	     -0.00000000	      0.00000000	      0.00000001	      0.00000005	     98.10907272	      0.00000006
     23.00000000	     30.20202023	      0.00000005	      0.00000000	      0.00000002	     19.39938678	      0.00000000	      0.00000000	      0.00000001	      0.00000011	      0.00000008	      0.00000000	      0.00000000	      0.00000000	      0.00000000	      0.00000000	     -0.00000000	      0.00000000	      0.00000000	      0.00000000	     -0.00000000	      0.00000000	     -0.00000000	      0.00000001	      0.00000003	      0.00000001	      0.00000001	      0.00000001	      0.00000001	      0.00000000	      0.00000000	      0.00000001	      0.00000001	      0.00000000	      0.00000002	      0.00000001	      0.00000002	      0.00000000	      0.00000002	      0.00000002	      0.00000003	      0.00000000	      0.00000000	      0.00000001	     -0.00000001	      0.00000000	     -0.00000000	      0.00000000	      0.00000001	      0.00000005	    101.55914976	      0.00000006
     24.00000000	     31.51515155	      0.00000004	      0.00000000	     -0.00000001	     18.29582974	      0.00000000	      0.00000000	      0.00000001	      0.00000011	      0.00000008	      0.00000000	      0.00000000	      0.00000000	      0.00000000	      0.00000000	     -0.00000000	      0.00000000	      0.00000000	      0.00000000	     -0.00000000	      0.00000000	     -0.00000000	      0.00000001	      0.00000003	      0.00000001	      0.00000001	      0.00000001	      0.00000001	      0.00000000	      0.00000000	      0.00000001	      0.00000001	      0.00000000	      0.00000002	      0.00000001	      0.00000002	      0.00000000	      0.00000002	      0.00000002	      0.00000003	      0.00000000	      0.00000000	      0.00000001	     -0.00000001	      0.00000000	     -0.00000000	      0.00000000	      0.00000001	      0.00000005	    105.06099549	      0.00000006
     25.00000000	     32.82828286	      0.00000004	      0.00000000	      0.00000001	     17.18707251	      0.00000001	      0.00000000	      0.00000001	      0.00000011	      0.00000008	      0.00000000	      0.00000000	      0.00000000	      0.00000000	      0.00000000	     -0.00000000	      0.00000000	      0.00000000	      0.00000000	     -0.00000000	      0.00000000	     -0.00000000	      0.00000001	      0.00000003	      0.00000001	      0.00000001	      0.00000001	      0.00000001	      0.00000000	      0.00000000	      0.00000001	      0.00000001	      0.00000000	      0.00000002	      0.00000001	      0.00000002	      0.00000000	      0.00000002	      0.00000002	      0.00000003	      0.00000000	      0.00000000	      0.00000001	     -0.00000001	      0.00000000	     -0.00000000	      0.00000000	      0.00000001	      0.00000005	    108.62051046	      0.00000006
     26.00000000	     34.14141418	      0.00000004	      0.00000000	      0.00000002	     16.07618062	      0.00000001	      0.00000000	      0.00000001	      0.00000011	      0.00000008	      0.00000000	      0.00000000	      0.00000000	      0.00000000	      0.00000000	     -0.00000000	      0.00000000	      0.00000000	      0.00000000	     -0.00000000	      0.00000000	     -0.00000000	      0.00000001	      0.00000003	      0.00000001	      0.00000001	      0.00000001	      0.00000001	      0.00000000	      0.00000000	      0.00000001	      0.00000001	      0.00000000	      0.00000002	      0.00000001	      0.00000002	      0.00000000	      0.00000002	      0.00000002	      0.00000003	      0.00000000	      0.00000000	      0.00000000	     -0.00000001	      0.00000000	     -0.00000000	      0.00000000	      0.00000001	      0.00000005	    112.24340904	      0.00000006
     27.00000000	     35.45454549	      0.00000004	      0.00000000	      0.00000001	     14.96636145	      0.00000001	      0.00000000	      0.00000001	      0.00000011	      0.00000008	      0.00000000	      0.00000000	      0.00000000	      0.00000000	      0.00000000	      0.00000000	      0.00000000	      0.00000000	      0.00000000	     -0.00000000	      0.00000000	     -0.00000000	      0.00000001	      0.00000003	      0.00000001	      0.00000001	      0.00000001	      0.00000001	      0.00000000	      0.00000000	      0.00000001	      0.00000001	      0.00000000	      0.00000002	      0.00000001	      0.00000002	      0.00000000	      0.00000002	      0.00000002	      0.00000003	      0.00000000	      0.00000000	      0.00000000	     -0.00000001	      0.00000000	     -0.00000000	      0.00000000	      0.00000001	      0.00000005	    115.93518815	      0.00000006
     28.00000000	     36.76767681	      0.00000004	      0.00000000	     -0.00000001	     13.86096584	      0.00000001	     -0.00000000	      0.00000001	      0.00000011	      0.00000008	      0.00000000	      0.00000000	      0.00000000	      0.00000000	      0.00000000	      0.00000000	      0.00000000	      0.00000000	      0.00000000	     -0.00000000	      0.00000000	     -0.00000000	      0.00000001	      0.00000003	      0.00000001	      0.00000001	      0.00000001	      0.00000001	      0.00000000	      0.00000000	      0.00000001	      0.00000001	      0.00000000	      0.00000002	      0.00000001	      0.00000002	      0.00000000	      0.00000002	      0.00000002	      0.00000003	      0.00000000	      0.00000000	      0.00000000	     -0.00000001	      0.00000000	     -0.00000000	      0.00000000	      0.00000001	      0.00000005	    119.70109935	      0.00000005
     29.00000000	     38.08080812	      0.00000004	      0.00000000	     -0.00000001	     12.76348934	      0.00000001	     -0.00000000	      0.00000001	      0.00000011	      0.00000008	      0.00000000	      0.00000000	      0.00000000	      0.00000000	      0.00000000	      0.00000000	      0.00000000	      0.00000000	      0.00000000	     -0.00000000	      0.00000000	     -0.00000000	      0.00000001	      0.00000003	      0.00000001	      0.00000001	      0.00000001	      0.00000001	      0.00000000	      0.00000000	      0.00000001	      0.00000001	      0.00000000	      0.00000002	      0.00000001	      0.00000002	      0.00000000	      0.00000002	      0.00000002	      0.00000003	      0.00000000	      0.00000000	     -0.00000000	     -0.00000001	      0.00000000	     -0.00000000	      0.00000000	      0.00000001	      0.00000005	    123.54612451	      0.00000005
     30.00000000	     39.39393944	      0.00000004	      0.00000000	     -0.00000001	     11.67757291	      0.00000001	     -0.00000000	      0.00000001	      0.00000011	      0.00000008	      0.00000000	      0.00000000	      0.00000001	      0.00000000	      0.00000000	      0.00000000	      0.00000000	      0.00000000	      0.00000000	     -0.00000000	      0.00000000	     -0.00000000	      0.00000001	      0.00000003	      0.00000001	      0.00000001	      0.00000001	      0.00000001	      0.00000000	      0.00000000	      0.00000001	      0.00000001	      0.00000000	      0.00000002	      0.00000001	      0.00000002	      0.00000000	      0.00000002	      0.00000002	      0.00000003	      0.00000000	      0.00000000	     -0.00000000	     -0.00000001	      0.00000000	     -0.00000000	      0.00000000	      0.00000001	      0.00000005	    127.47495430	      0.00000005
     31.00000000	     40.70707075	      0.00000004	      0.00000000	     -0.00000000	     10.60701224	      0.00000001	     -0.00000000	      0.00000001	      0.00000011	      0.00000008	      0.00000000	      0.00000000	      0.00000001	      0.00000000	      0.00000000	      0.00000000	      0.00000000	      0.00000000	      0.00000000	     -0.00000000	      0.00000000	     -0.00000000	      0.00000001	      0.00000003	      0.00000001	      0.00000001	      0.00000001	      0.00000001	      0.00000000	      0.00000000	      0.00000001	      0.00000001	      0.00000000	      0.00000002	      0.00000001	      0.00000002	      0.00000000	      0.00000002	      0.00000002	      0.00000003	      0.00000000	      0.00000000	     -0.00000000	     -0.00000001	      0.00000000	     -0.00000000	      0.00000000	      0.00000001	      0.00000005	    131.49196957	      0.00000005
     32.00000000	     42.02020206	      0.00000004	      0.00000000	      0.00000000	      9.55606442	      0.00000001	     -0.00000000	      0.00000001	      0.00000011	      0.00000008	      0.00000000	      0.00000000	      0.00000001	      0.00000000	      0.00000000	      0.00000000	      0.00000000	      0.00000000	      0.00000000	     -0.00000000	      0.00000000	     -0.00000000	      0.00000001	      0.00000003	      0.00000001	      0.00000001	      0.00000001	      0.00000001	      0.00000000	      0.00000000	      0.00000001	      0.00000001	      0.00000000	      0.00000002	      0.00000001	      0.00000002	      0.00000000	      0.00000002	      0.00000002	      0.00000003	      0.00000000	      0.00000000	     -0.00000000	     -0.00000001	      0.00000000	     -0.00000000	      0.00000000	      0.00000001	      0.00000004	    135.60122532	      0.00000005
     33.00000000	     43.33333338	      0.00000004	      0.00000000	      0.00000001	      8.52953953	      0.00000001	     -0.00000000	      0.00000001	      0.00000011	      0.00000008	      0.00000000	      0.00000000	      0.00000001	      0.00000000	      0.00000000	      0.00000000	      0.00000000	      0.00000000	      0.00000000	     -0.00000000	      0.00000000	     -0.00000000	      0.00000001	      0.00000003	      0.00000001	      0.00000001	      0.00000001	      0.00000001	      0.00000000	      0.00000001	      0.00000001	      0.00000001	      0.00000000	      0.00000002	      0.00000001	      0.00000002	      0.00000000	      0.00000002	      0.00000002	      0.00000003	      0.00000000	      0.00000000	     -0.00000000	     -0.00000001	      0.00000000	     -0.00000000	      0.00000000	      0.00000001	      0.00000004	    139.80643700	      0.00000005
     34.00000000	     44.64646469	      0.00000004	      0.00000000	      0.00000001	      7.53250556	      0.00000001	     -0.00000000	      0.00000001	      0.00000011	      0.00000008	      0.00000000	      0.00000000	      0.00000001	      0.00000000	      0.00000000	      0.00000000	      0.00000000	      0.00000000	      0.00000000	     -0.00000000	      0.00000000	     -0.00000000	      0.00000001	      0.00000003	      0.00000001	      0.00000001	      0.00000001	      0.00000001	      0.00000000	      0.00000001	      0.00000001	      0.00000001	      0.00000000	      0.00000002	      0.00000001	      0.00000002	      0.00000000	      0.00000002	      0.00000002	      0.00000003	      0.00000000	      0.00000000	     -0.00000000	     -0.00000001	      0.00000000	     -0.00000000	      0.00000000	      0.00000001	      0.00000004	    144.11096903	      0.00000005
     35.00000000	     45.95959601	      0.00000004	      0.00000000	      0.00000001	      6.57027374	      0.00000002	     -0.00000000	      0.00000001	      0.00000011	      0.00000008	      0.00000000	      0.00000000	      0.00000001	      0.00000000	      0.00000000	      0.00000000	      0.00000000	      0.00000000	      0.00000000	     -0.00000000	      0.00000000	     -0.00000000	      0.00000002	      0.00000003	      0.00000001	      0.00000001	      0.00000001	      0.00000001	      0.00000000	      0.00000001	      0.00000001	      0.00000001	      0.00000000	      0.00000002	      0.00000001	      0.00000002	      0.00000000	      0.00000002	      0.00000002	      0.00000003	      0.00000000	      0.00000000	     -0.00000000	     -0.00000001	      0.00000000	     -0.00000000	      0.00000000	      0.00000001	      0.00000004	    148.51782565	      0.00000005
     36.00000000	     47.27272732	      0.00000004	      0.00000000	      0.00000001	      5.64839965	      0.00000002	      0.00000000	      0.00000001	      0.00000011	      0.00000008	      0.00000000	      0.00000000	      0.00000001	      0.00000000	      0.00000000	      0.00000000	      0.00000000	      0.00000000	      0.00000000	     -0.00000000	      0.00000000	     -0.00000000	      0.00000002	      0.00000003	      0.00000001	      0.00000001	      0.00000001	      0.00000001	      0.00000000	      0.00000001	      0.00000001	      0.00000001	      0.00000000	      0.00000002	      0.00000001	      0.00000002	      0.00000000	      0.00000002	      0.00000002	      0.00000003	      0.00000000	      0.00000000	     -0.00000000	     -0.00000001	      0.00000000	     -0.00000000	      0.00000000	      0.00000001	      0.00000004	    153.02964378	      0.00000005
     37.00000000	     48.58585864	      0.00000004	      0.00000000	      0.00000001	      4.77268164	      0.00000002	      0.00000000	      0.00000001	      0.00000011	      0.00000008	      0.00000000	      0.00000000	      0.00000001	      0.00000000	      0.00000000	      0.00000000	      0.00000000	      0.00000000	      0.00000000	     -0.00000000	      0.00000000	     -0.00000000	      0.00000002	      0.00000003	      0.00000001	      0.00000001	      0.00000001	      0.00000001	      0.00000000	      0.00000001	      0.00000001	      0.00000001	      0.00000000	      0.00000002	      0.00000001	      0.00000002	      0.00000000	      0.00000002	      0.00000002	      0.00000003	      0.00000000	      0.00000000	     -0.00000000	     -0.00000001	      0.00000000	     -0.00000000	      0.00000000	      0.00000001	      0.00000004	    157.64868778	      0.00000005
     38.00000000	     49.89898995	      0.00000003	      0.00000000	      0.00000000	      3.94915228	      0.00000002	      0.00000000	      0.00000001	      0.00000011	      0.00000008	      0.00000000	      0.00000000	      0.00000001	      0.00000000	      0.00000000	      0.00000000	      0.00000000	      0.00000000	      0.00000000	     -0.00000000	      0.00000000	     -0.00000000	      0.00000002	      0.00000003	      0.00000001	      0.00000001	      0.00000001	      0.00000001	      0.00000000	      0.00000001	      0.00000001	      0.00000001	      0.00000000	      0.00000002	      0.00000001	      0.00000002	      0.00000000	      0.00000002	      0.00000002	      0.00000003	      0.00000000	      0.00000000	     -0.00000000	     -0.00000001	      0.00000000	     -0.00000000	      0.00000000	      0.00000001	      0.00000004	    162.37684630	      0.00000005
     39.00000000	     51.21212127	      0.00000003	      0.00000000	      0.00000000	      3.18408077	      0.00000002	      0.00000000	      0.00000001	      0.00000011	      0.00000008	      0.00000000	      0.00000000	      0.00000001	      0.00000000	      0.00000000	      0.00000000	      0.00000000	      0.00000000	      0.00000000	     -0.00000000	      0.00000000	     -0.00000000	      0.00000002	      0.00000004	      0.00000001	      0.00000001	      0.00000001	      0.00000001	      0.00000000	      0.00000001	      0.00000001	      0.00000001	      0.00000000	      0.00000002	      0.00000001	      0.00000002	      0.00000000	      0.00000002	      0.00000002	      0.00000003	      0.00000000	      0.00000000	      0.00000000	     -0.00000001	      0.00000000	     -0.00000000	      0.00000000	      0.00000001	      0.00000004	    167.21563060	      0.00000005
     40.00000000	     52.52525258	      0.00000003	      0.00000000	     -0.00000000	      2.48398450	      0.00000002	      0.00000000	      0.00000001	      0.00000011	      0.00000008	      0.00000000	      0.00000000	      0.00000001	      0.00000000	      0.00000000	      0.00000000	      0.00000000	      0.00000000	      0.00000000	     -0.00000000	      0.00000000	     -0.00000000	      0.00000002	      0.00000004	      0.00000001	      0.00000001	      0.00000001	      0.00000001	      0.00000000	      0.00000001	      0.00000001	      0.00000001	      0.00000000	      0.00000002	      0.00000001	      0.00000002	      0.00000000	      0.00000002	      0.00000002	      0.00000003	      0.00000000	      0.00000000	      0.00000000	     -0.00000001	      0.00000000	     -0.00000000	      0.00000000	      0.00000001	      0.00000004	    172.16677944	      0.00000005
     41.00000000	     53.83838390	      0.00000003	      0.00000000	     -0.00000000	      1.85562865	      0.00000002	      0.00000000	      0.00000001	      0.00000011	      0.00000008	      0.00000000	      0.00000000	      0.00000001	      0.00000000	      0.00000000	      0.00000000	      0.00000000	      0.00000000	     -0.00000000	     -0.00000000	      0.00000000	     -0.00000000	      0.00000002	      0.00000004	      0.00000001	      0.00000001	      0.00000001	      0.00000001	      0.00000000	      0.00000001	      0.00000001	      0.00000001	      0.00000000	      0.00000002	      0.00000001	      0.00000002	      0.00000000	      0.00000002	      0.00000002	      0.00000003	      0.00000000	      0.00000000	      0.00000000	     -0.00000001	      0.00000000	     -0.00000000	      0.00000000	      0.00000001	      0.00000004	    177.23003508	      0.00000004
     42.00000000	     55.15151521	      0.00000003	      0.00000000	     -0.00000000	      1.30602438	      0.00000002	      0.00000000	      0.00000001	      0.00000011	      0.00000008	      0.00000000	      0.00000000	      0.00000001	      0.00000000	      0.00000000	      0.00000000	      0.00000000	      0.00000000	     -0.00000000	     -0.00000000	      0.00000000	     -0.00000000	      0.00000002	      0.00000004	      0.00000001	      0.00000001	      0.00000001	      0.00000001	      0.00000000	      0.00000001	      0.00000001	      0.00000001	      0.00000000	      0.00000002	      0.00000001	      0.00000002	      0.00000000	      0.00000002	      0.00000002	      0.00000003	      0.00000000	      0.00000000	      0.00000000	     -0.00000001	      0.00000000	     -0.00000000	      0.00000000	      0.00000001	      0.00000004	    182.40623820	      0.00000004
     43.00000000	     56.46464652	      0.00000003	      0.00000000	     -0.00000000	      0.84242609	      0.00000002	      0.00000000	      0.00000001	      0.00000011	      0.00000008	      0.00000000	      0.00000000	      0.00000001	      0.00000000	      0.00000000	      0.00000000	      0.00000000	      0.00000000	     -0.00000000	     -0.00000000	      0.00000000	     -0.00000000	      0.00000002	      0.00000004	      0.00000001	      0.00000001	      0.00000001	      0.00000001	      0.00000000	      0.00000001	      0.00000001	      0.00000001	      0.00000000	      0.00000002	      0.00000001	      0.00000002	      0.00000000	      0.00000002	      0.00000002	      0.00000003	      0.00000000	      0.00000000	      0.00000000	     -0.00000001	      0.00000000	     -0.00000000	      0.00000000	      0.00000001	      0.00000004	    187.69540645	      0.00000004
     44.00000000	     57.77777784	      0.00000003	      0.00000000	     -0.00000000	      0.47232781	      0.00000003	      0.00000000	      0.00000001	      0.00000011	      0.00000008	      0.00000000	      0.00000000	      0.00000001	      0.00000000	      0.00000000	      0.00000000	      0.00000000	      0.00000000	     -0.00000000	     -0.00000000	      0.00000000	     -0.00000000	      0.00000002	      0.00000004	      0.00000001	      0.00000001	      0.00000001	      0.00000001	      0.00000000	      0.00000001	      0.00000001	      0.00000001	      0.00000000	      0.00000002	      0.00000001	      0.00000002	      0.00000000	      0.00000002	      0.00000002	      0.00000003	      0.00000000	      0.00000000	      0.00000000	     -0.00000001	      0.00000000	     -0.00000000	      0.00000000	      0.00000001	      0.00000004	    193.09715209	      0.00000004
     45.00000000	     59.09090915	      0.00000003	      0.00000000	     -0.00000000	      0.20345858	      0.00000003	      0.00000000	      0.00000001	      0.00000011	      0.00000008	      0.00000000	      0.00000001	      0.00000001	      0.00000000	      0.00000000	      0.00000000	      0.00000000	      0.00000000	     -0.00000000	     -0.00000000	      0.00000000	     -0.00000000	      0.00000002	      0.00000004	      0.00000001	      0.00000001	      0.00000001	      0.00000001	      0.00000000	      0.00000001	      0.00000001	      0.00000001	      0.00000000	      0.00000002	      0.00000001	      0.00000002	      0.00000000	      0.00000002	      0.00000002	      0.00000003	      0.00000001	      0.00000000	      0.00000000	     -0.00000001	      0.00000000	     -0.00000000	      0.00000000	      0.00000001	      0.00000003	    198.61070179	      0.00000004
     46.00000000	     60.40404047	      0.00000003	      0.00000000	     -0.00000000	      0.04377681	      0.00000003	      0.00000000	      0.00000001	      0.00000011	      0.00000008	      0.00000000	      0.00000001	      0.00000001	      0.00000000	      0.00000000	      0.00000000	      0.00000000	      0.00000000	     -0.00000000	     -0.00000000	      0.00000000	     -0.00000000	      0.00000002	      0.00000004	      0.00000001	      0.00000001	      0.00000001	      0.00000001	      0.00000000	      0.00000001	      0.00000001	      0.00000001	      0.00000000	      0.00000002	      0.00000001	      0.00000002	      0.00000000	      0.00000002	      0.00000002	      0.00000003	      0.00000001	      0.00000000	      0.00000001	     -0.00000001	      0.00000000	     -0.00000000	      0.00000000	      0.00000001	      0.00000003	    204.23477239	      0.00000004
     47.00000000	     61.71717178	      0.00000003	      0.00000000	      0.00000000	      0.00000003	      0.00000003	      0.00000001	      0.00000001	      0.00000011	      0.00000008	      0.00000000	      0.00000001	      0.00000001	      0.00000000	      0.00000000	      0.00000000	      0.00000000	      0.00000000	     -0.00000000	     -0.00000000	      0.00000000	     -0.00000000	      0.00000002	      0.00000004	      0.00000001	      0.00000001	      0.00000001	      0.00000001	      0.00000000	      0.00000001	      0.00000001	      0.00000001	      0.00000000	      0.00000002	      0.00000001	      0.00000002	      0.00000000	      0.00000002	      0.00000002	      0.00000003	      0.00000001	      0.00000000	      0.00000001	     -0.00000001	      0.00000000	     -0.00000000	      0.00000000	      0.00000001	      0.00000003	    209.96573133	      0.00000004
     48.00000000	     63.03030310	      0.00000003	      0.00000000	      0.00000000	     -0.00000001	      0.00000003	      0.00000001	      0.00000001	      0.00000011	      0.00000008	      0.00000000	      0.00000001	      0.00000001	      0.00000000	      0.00000000	      0.00000000	      0.00000000	      0.00000000	     -0.00000000	     -0.00000000	      0.00000000	     -0.00000000	      0.00000002	      0.00000004	      0.00000001	      0.00000001	      0.00000001	      0.00000001	      0.00000000	      0.00000001	      0.00000001	      0.00000001	      0.00000000	      0.00000002	      0.00000001	      0.00000002	      0.00000000	      0.00000002	      0.00000002	      0.00000003	      0.00000001	      0.00000000	      0.00000001	     -0.00000001	      0.00000000	     -0.00000000	      0.00000000	      0.00000001	      0.00000003	    215.79836534	      0.00000004
     49.00000000	     64.34343441	      0.00000003	      0.00000000	      0.00000000	      0.00000001	      0.00000003	      0.00000001	      0.00000001	      0.00000011	      0.00000008	      0.00000000	      0.00000001	      0.00000001	      0.00000000	      0.00000000	      0.00000000	      0.00000000	      0.00000000	     -0.00000000	     -0.00000000	      0.00000000	     -0.00000000	      0.00000002	      0.00000004	      0.00000001	      0.00000001	      0.00000001	      0.00000001	      0.00000000	      0.00000001	      0.00000001	      0.00000001	      0.00000000	      0.00000002	      0.00000001	      0.00000002	      0.00000000	      0.00000002	      0.00000002	      0.00000003	      0.00000001	      0.00000000	      0.00000001	     -0.00000001	      0.00000000	     -0.00000000	      0.00000000	      0.00000001	      0.00000003	    221.72736162	      0.00000004
     50.00000000	     65.65656573	      0.00000003	      0.00000000	      0.00000000	      0.00000000	      0.00000003	      0.00000001	      0.00000001	      0.00000011	      0.00000008	      0.00000000	      0.00000001	      0.00000001	      0.00000000	      0.00000000	      0.00000000	      0.00000000	      0.00000000	     -0.00000000	     -0.00000000	      0.00000000	     -0.00000000	      0.00000002	      0.00000004	      0.00000001	      0.00000001	      0.00000001	      0.00000001	      0.00000000	      0.00000001	      0.00000001	      0.00000001	      0.00000000	      0.00000002	      0.00000001	      0.00000002	      0.00000000	      0.00000002	      0.00000002	      0.00000003	      0.00000001	      0.00000000	      0.00000001	     -0.00000001	      0.00000000	     -0.00000000	      0.00000000	      0.00000001	      0.00000003	    227.74734623	      0.00000004
     51.00000000	     66.96969704	      0.00000003	      0.00000000	      0.00000000	     -0.00000001	      0.00000003	      0.00000001	      0.00000001	      0.00000011	      0.00000008	      0.00000000	      0.00000001	      0.00000001	      0.00000000	      0.00000000	      0.00000000	      0.00000000	      0.00000000	     -0.00000000	     -0.00000000	      0.00000000	     -0.00000000	      0.00000002	      0.00000004	      0.00000001	      0.00000001	      0.00000001	      0.00000001	      0.00000000	      0.00000001	      0.00000001	      0.00000001	      0.00000000	      0.00000002	      0.00000001	      0.00000002	      0.00000000	      0.00000002	      0.00000002	      0.00000003	      0.00000001	      0.00000000	      0.00000001	     -0.00000001	      0.00000000	     -0.00000000	      0.00000000	      0.00000001	      0.00000003	    233.85289122	      0.00000004
     52.00000000	     68.28282836	      0.00000003	      0.00000000	      0.00000001	     -0.00000001	      0.00000004	      0.00000001	      0.00000001	      0.00000011	      0.00000008	      0.00000000	      0.00000001	      0.00000001	      0.00000000	      0.00000000	      0.00000000	      0.00000000	      0.00000000	     -0.00000000	     -0.00000000	      0.00000000	     -0.00000000	      0.00000002	      0.00000004	      0.00000001	      0.00000001	      0.00000001	      0.00000001	      0.00000000	      0.00000001	      0.00000001	      0.00000001	      0.00000000	      0.00000002	      0.00000001	      0.00000002	      0.00000000	      0.00000002	      0.00000002	      0.00000003	      0.00000001	      0.00000000	      0.00000001	     -0.00000001	      0.00000000	     -0.00000000	      0.00000000	      0.00000001	      0.00000003	    240.03852153	      0.00000004
     53.00000000	     69.59595967	      0.00000003	      0.00000000	      0.00000001	     -0.00000000	      0.00000004	      0.00000001	      0.00000001	      0.00000011	      0.00000008	      0.00000000	      0.00000001	      0.00000001	     -0.00000000	      0.00000000	      0.00000000	      0.00000000	      0.00000000	     -0.00000000	     -0.00000000	      0.00000000	     -0.00000000	      0.00000002	      0.00000004	      0.00000001	      0.00000001	      0.00000001	      0.00000001	      0.00000000	      0.00000001	      0.00000001	      0.00000001	      0.00000000	      0.00000002	      0.00000001	      0.00000002	      0.00000000	      0.00000002	      0.00000002	      0.00000003	      0.00000001	      0.00000000	      0.00000001	     -0.00000001	      0.00000000	     -0.00000000	      0.00000000	      0.00000001	      0.00000003	    246.29872167	      0.00000004
     54.00000000	     70.90909098	      0.00000002	      0.00000000	      0.00000001	      0.00000000	      0.00000004	      0.00000001	      0.00000001	      0.00000011	      0.00000008	      0.00000000	      0.00000001	      0.00000002	     -0.00000000	      0.00000000	      0.00000000	      0.00000000	      0.00000000	     -0.00000000	     -0.00000000	      0.00000000	     -0.00000000	      0.00000002	      0.00000004	      0.00000001	      0.00000001	      0.00000001	      0.00000001	      0.00000000	      0.00000001	      0.00000001	      0.00000001	      0.00000000	      0.00000002	      0.00000001	      0.00000002	      0.00000000	      0.00000002	      0.00000002	      0.00000003	      0.00000001	      0.00000000	      0.00000001	     -0.00000001	      0.00000000	     -0.00000000	      0.00000000	      0.00000001	      0.00000003	    252.62794227	      0.00000004
     55.00000000	     72.22222230	      0.00000002	      0.00000000	      0.00000001	      0.00000000	      0.00000004	      0.00000001	      0.00000001	      0.00000011	      0.00000008	      0.00000000	      0.00000001	      0.00000002	     -0.00000000	      0.00000000	      0.00000000	      0.00000000	      0.00000000	     -0.00000000	     -0.00000000	      0.00000000	     -0.00000000	      0.00000002	      0.00000004	      0.00000001	      0.00000001	      0.00000001	      0.00000001	      0.00000000	      0.00000001	      0.00000001	      0.00000001	      0.00000000	      0.00000002	      0.00000001	      0.00000002	      0.00000000	      0.00000002	      0.00000002	      0.00000003	      0.00000001	      0.00000000	      0.00000001	     -0.00000001	      0.00000000	     -0.00000000	      0.00000000	      0.00000001	      0.00000003	    259.02973803	      0.00000004
     56.00000000	     73.53535361	      0.00000002	      0.00000000	      0.00000001	      0.00000000	      0.00000004	      0.00000001	      0.00000001	      0.00000011	      0.00000008	      0.00000000	      0.00000001	      0.00000002	     -0.00000000	      0.00000000	      0.00000000	      0.00000000	      0.00000000	     -0.00000000	     -0.00000000	      0.00000000	     -0.00000000	      0.00000002	      0.00000004	      0.00000001	      0.00000001	      0.00000001	      0.00000001	      0.00000000	      0.00000001	      0.00000001	      0.00000001	      0.00000000	      0.00000002	      0.00000001	      0.00000002	      0.00000000	      0.00000002	      0.00000002	      0.00000003	      0.00000001	      0.00000000	      0.00000001	     -0.00000001	      0.00000000	     -0.00000000	      0.00000000	      0.00000001	      0.00000003	    265.55974616	      0.00000003
     57.00000000	     74.84848493	      0.00000002	      0.00000000	      0.00000001	      0.00000000	      0.00000004	      0.00000001	      0.00000001	      0.00000011	      0.00000008	      0.00000000	      0.00000001	      0.00000002	     -0.00000000	      0.00000000	      0.00000000	      0.00000000	      0.00000000	     -0.00000000	     -0.00000000	      0.00000000	     -0.00000000	      0.00000002	      0.00000004	      0.00000001	      0.00000001	      0.00000001	      0.00000001	      0.00000000	      0.00000001	      0.00000001	      0.00000001	      0.00000000	      0.00000002	      0.00000001	      0.00000002	      0.00000000	      0.00000002	      0.00000002	      0.00000003	      0.00000001	      0.00000000	      0.00000001	     -0.00000001	      0.00000000	     -0.00000000	      0.00000000	      0.00000001	      0.00000003	    272.22765854	      0.00000003
     58.00000000	     76.16161624	      0.00000002	      0.00000000	      0.00000001	      0.00000000	      0.00000004	      0.00000001	      0.00000001	      0.00000011	      0.00000008	      0.00000000	      0.00000001	      0.00000002	     -0.00000000	      0.00000000	      0.00000000	      0.00000000	      0.00000000	     -0.00000000	     -0.00000000	      0.00000000	     -0.00000000	      0.00000003	      0.00000004	      0.00000001	      0.00000001	      0.00000001	      0.00000001	      0.00000000	      0.00000001	      0.00000001	      0.00000001	      0.00000000	      0.00000002	      0.00000001	      0.00000002	      0.00000000	      0.00000002	      0.00000002	      0.00000003	      0.00000001	      0.00000000	      0.00000001	     -0.00000001	      0.00000000	     -0.00000000	      0.00000000	      0.00000001	      0.00000003	    279.03362711	      0.00000003
     59.00000000	     77.47474756	      0.00000002	      0.00000000	      0.00000001	      0.00000000	      0.00000005	      0.00000001	      0.00000001	      0.00000011	      0.00000008	      0.00000000	      0.00000001	      0.00000002	     -0.00000000	      0.00000000	      0.00000000	      0.00000000	      0.00000000	     -0.00000000	     -0.00000000	      0.00000000	     -0.00000000	      0.00000003	      0.00000004	      0.00000001	      0.00000001	      0.00000001	      0.00000001	      0.00000000	      0.00000001	      0.00000001	      0.00000001	      0.00000000	      0.00000002	      0.00000001	      0.00000002	      0.00000000	      0.00000002	      0.00000002	      0.00000003	      0.00000001	      0.00000000	      0.00000002	     -0.00000001	      0.00000000	     -0.00000000	      0.00000000	      0.00000001	      0.00000003	    285.97649741	      0.00000003
     60.00000000	     78.78787887	      0.00000002	      0.00000000	      0.00000001	      0.00000000	      0.00000005	      0.00000001	      0.00000001	      0.00000011	      0.00000008	      0.00000000	      0.00000000	      0.00000002	     -0.00000000	      0.00000000	      0.00000000	      0.00000000	      0.00000000	     -0.00000000	     -0.00000000	      0.00000000	     -0.00000000	      0.00000003	      0.00000004	      0.00000001	      0.00000001	      0.00000001	      0.00000001	      0.00000000	      0.00000001	      0.00000001	      0.00000001	      0.00000000	      0.00000002	      0.00000001	      0.00000002	      0.00000000	      0.00000002	      0.00000002	      0.00000003	      0.00000001	      0.00000000	      0.00000002	     -0.00000001	      0.00000000	     -0.00000000	      0.00000000	      0.00000001	      0.00000002	    293.05564717	      0.00000003
     61.00000000	     80.10101019	      0.00000002	      0.00000000	      0.00000001	     -0.00000000	      0.00000005	      0.00000001	      0.00000001	      0.00000011	      0.00000008	      0.00000000	      0.00000000	      0.00000002	     -0.00000000	      0.00000000	      0.00000000	      0.00000000	      0.00000000	     -0.00000000	     -0.00000000	      0.00000000	     -0.00000000	      0.00000003	      0.00000004	      0.00000001	      0.00000001	      0.00000001	      0.00000001	      0.00000000	      0.00000001	      0.00000001	      0.00000001	      0.00000000	      0.00000002	      0.00000001	      0.00000002	      0.00000000	      0.00000002	      0.00000002	      0.00000003	      0.00000001	      0.00000000	      0.00000002	     -0.00000001	      0.00000000	     -0.00000000	      0.00000000	      0.00000001	      0.00000002	    300.27030766	      0.00000003
     62.00000000	     81.41414150	      0.00000002	      0.00000000	      0.00000002	     -0.00000000	      0.00000005	      0.00000001	      0.00000001	      0.00000011	      0.00000008	      0.00000000	      0.00000000	      0.00000002	     -0.00000000	      0.00000000	      0.00000000	      0.00000000	      0.00000000	     -0.00000000	     -0.00000000	      0.00000000	     -0.00000000	      0.00000003	      0.00000004	      0.00000001	      0.00000001	      0.00000001	      0.00000001	      0.00000000	      0.00000001	      0.00000001	      0.00000001	      0.00000000	      0.00000002	      0.00000001	      0.00000002	      0.00000000	      0.00000002	      0.00000002	      0.00000003	      0.00000001	      0.00000000	      0.00000002	     -0.00000001	      0.00000000	     -0.00000000	      0.00000000	      0.00000001	      0.00000002	    307.61967607	      0.00000003
     63.00000000	     82.72727282	      0.00000002	      0.00000000	      0.00000002	     -0.00000000	      0.00000005	      0.00000001	      0.00000001	      0.00000011	      0.00000008	      0.00000000	      0.00000000	      0.00000002	     -0.00000000	      0.00000000	      0.00000000	      0.00000000	      0.00000000	     -0.00000000	     -0.00000000	      0.00000000	     -0.00000000	      0.00000003	      0.00000004	      0.00000001	      0.00000001	      0.00000001	      0.00000001	      0.00000000	      0.00000001	      0.00000001	      0.00000001	      0.00000000	      0.00000002	      0.00000001	      0.00000002	      0.00000000	      0.00000002	      0.00000002	      0.00000003	      0.00000001	      0.00000000	      0.00000002	     -0.00000001	      0.00000000	     -0.00000000	      0.00000000	      0.00000001	      0.00000002	    315.10298761	      0.00000003
     64.00000000	     84.04040413	      0.00000002	      0.00000000	      0.00000002	     -0.00000000	      0.00000005	      0.00000002	      0.00000001	      0.00000011	      0.00000008	      0.00000000	      0.00000000	      0.00000002	     -0.00000000	      0.00000000	      0.00000000	      0.00000000	      0.00000000	     -0.00000000	     -0.00000000	      0.00000000	     -0.00000000	      0.00000003	      0.00000005	      0.00000001	      0.00000001	      0.00000001	      0.00000001	      0.00000000	      0.00000001	      0.00000001	      0.00000001	      0.00000000	      0.00000002	      0.00000001	      0.00000002	      0.00000000	      0.00000002	      0.00000002	      0.00000003	      0.00000001	      0.00000000	      0.00000002	     -0.00000001	      0.00000000	     -0.00000000	      0.00000000	      0.00000001	      0.00000002	    322.71881316	      0.00000003
     65.00000000	     85.35353544	      0.00000002	      0.00000000	      0.00000002	     -0.00000000	      0.00000006	      0.00000002	      0.00000001	      0.00000011	      0.00000008	      0.00000000	      0.00000000	      0.00000002	     -0.00000000	      0.00000000	      0.00000000	      0.00000000	      0.00000000	     -0.00000000	     -0.00000000	      0.00000000	     -0.00000000	      0.00000003	      0.00000005	      0.00000001	      0.00000001	      0.00000001	      0.00000001	      0.00000000	      0.00000001	      0.00000001	      0.00000001	      0.00000000	      0.00000002	      0.00000001	      0.00000002	      0.00000000	      0.00000002	      0.00000002	      0.00000003	      0.00000001	      0.00000000	      0.00000002	     -0.00000001	      0.00000000	     -0.00000000	      0.00000000	      0.00000001	      0.00000002	    330.46503523	      0.00000003
     66.00000000	     86.66666676	      0.00000002	      0.00000000	      0.00000002	     -0.00000000	      0.00000006	      0.00000002	      0.00000001	      0.00000011	      0.00000008	      0.00000000	      0.00000000	      0.00000002	     -0.00000000	      0.00000000	      0.00000000	      0.00000000	      0.00000000	     -0.00000000	     -0.00000000	      0.00000000	     -0.00000000	      0.00000003	      0.00000005	      0.00000001	      0.00000001	      0.00000001	      0.00000001	      0.00000000	      0.00000001	      0.00000001	      0.00000001	      0.00000000	      0.00000002	      0.00000001	      0.00000002	      0.00000000	      0.00000002	      0.00000002	      0.00000003	      0.00000001	      0.00000000	      0.00000002	     -0.00000001	      0.00000000	     -0.00000000	      0.00000000	      0.00000001	      0.00000002	    338.34362558	      0.00000003
     67.00000000	     87.97979807	      0.00000002	      0.00000000	      0.00000002	      0.00000000	      0.00000006	      0.00000002	      0.00000001	      0.00000011	      0.00000008	      0.00000000	      0.00000000	      0.00000002	     -0.00000000	      0.00000000	      0.00000000	      0.00000000	      0.00000000	     -0.00000000	     -0.00000000	      0.00000000	     -0.00000000	      0.00000003	      0.00000005	      0.00000001	      0.00000001	      0.00000001	      0.00000001	      0.00000000	      0.00000001	      0.00000001	      0.00000001	      0.00000000	      0.00000002	      0.00000001	      0.00000002	      0.00000000	      0.00000002	      0.00000002	      0.00000003	      0.00000001	      0.00000000	      0.00000002	     -0.00000001	      0.00000000	     -0.00000000	      0.00000000	      0.00000001	      0.00000002	    346.35201103	      0.00000003
     68.00000000	     89.29292939	      0.00000002	      0.00000000	      0.00000002	      0.00000000	      0.00000006	      0.00000002	      0.00000001	      0.00000011	      0.00000008	      0.00000000	      0.00000000	      0.00000002	     -0.00000000	      0.00000000	      0.00000000	      0.00000000	      0.00000000	     -0.00000000	     -0.00000000	      0.00000000	     -0.00000000	      0.00000003	      0.00000005	      0.00000001	      0.00000001	      0.00000001	      0.00000001	      0.00000000	      0.00000001	      0.00000001	      0.00000001	      0.00000000	      0.00000002	      0.00000001	      0.00000002	      0.00000000	      0.00000002	      0.00000002	      0.00000003	      0.00000001	      0.00000000	      0.00000002	     -0.00000001	      0.00000000	     -0.00000000	      0.00000000	      0.00000001	      0.00000002	    354.48905538	      0.00000003
     69.00000000	     90.60606070	      0.00000002	      0.00000000	      0.00000002	      0.00000000	      0.00000006	      0.00000002	      0.00000001	      0.00000011	      0.00000008	      0.00000000	      0.00000000	      0.00000002	     -0.00000000	      0.00000000	      0.00000000	      0.00000000	      0.00000000	     -0.00000000	     -0.00000000	      0.00000000	     -0.00000000	      0.00000003	      0.00000005	      0.00000001	      0.00000001	      0.00000001	      0.00000001	      0.00000000	      0.00000001	      0.00000001	      0.00000001	      0.00000000	      0.00000002	      0.00000001	      0.00000002	      0.00000000	      0.00000002	      0.00000002	      0.00000003	      0.00000001	      0.00000000	      0.00000002	     -0.00000001	      0.00000000	     -0.00000000	      0.00000000	      0.00000001	      0.00000002	    362.75357340	      0.00000003
     70.00000000	     91.91919202	      0.00000001	      0.00000000	      0.00000002	      0.00000000	      0.00000006	      0.00000002	      0.00000001	      0.00000011	      0.00000008	      0.00000000	      0.00000000	      0.00000002	     -0.00000000	      0.00000000	      0.00000000	      0.00000000	      0.00000000	     -0.00000000	     -0.00000000	      0.00000000	     -0.00000000	      0.00000003	      0.00000005	      0.00000001	      0.00000001	      0.00000001	      0.00000001	      0.00000000	      0.00000001	      0.00000001	      0.00000001	      0.00000000	      0.00000002	      0.00000001	      0.00000002	      0.00000000	      0.00000002	      0.00000002	      0.00000003	      0.00000001	      0.00000000	      0.00000002	     -0.00000001	      0.00000000	     -0.00000000	      0.00000000	      0.00000001	      0.00000002	    371.14465237	      0.00000003
     71.00000000	     93.23232333	      0.00000001	      0.00000000	      0.00000003	      0.00000000	      0.00000007	      0.00000002	      0.00000001	      0.00000011	      0.00000008	      0.00000000	      0.00000000	      0.00000002	     -0.00000000	      0.00000000	      0.00000000	      0.00000000	      0.00000000	     -0.00000000	     -0.00000000	      0.00000000	     -0.00000000	      0.00000003	      0.00000005	      0.00000001	      0.00000001	      0.00000001	      0.00000001	      0.00000000	      0.00000001	      0.00000001	      0.00000001	      0.00000000	      0.00000002	      0.00000001	      0.00000002	      0.00000000	      0.00000002	      0.00000002	      0.00000003	      0.00000001	      0.00000000	      0.00000003	     -0.00000001	      0.00000000	     -0.00000000	      0.00000000	      0.00000001	      0.00000002	    379.66046706	      0.00000002
     72.00000000	     94.54545465	      0.00000001	      0.00000000	      0.00000003	      0.00000000	      0.00000007	      0.00000002	      0.00000001	      0.00000011	      0.00000008	      0.00000000	      0.00000000	      0.00000003	     -0.00000000	      0.00000000	      0.00000000	      0.00000000	      0.00000000	     -0.00000000	     -0.00000000	      0.00000000	     -0.00000000	      0.00000003	      0.00000005	      0.00000001	      0.00000001	      0.00000001	      0.00000001	      0.00000000	      0.00000001	      0.00000001	      0.00000001	      0.00000000	      0.00000002	      0.00000001	      0.00000002	      0.00000000	      0.00000002	      0.00000002	      0.00000003	      0.00000001	      0.00000000	      0.00000003	     -0.00000001	      0.00000000	     -0.00000000	      0.00000000	      0.00000001	      0.00000002	    388.29983388	      0.00000002
     73.00000000	     95.85858596	      0.00000001	      0.00000000	      0.00000003	      0.00000000	      0.00000007	      0.00000002	      0.00000001	      0.00000011	      0.00000008	      0.00000000	      0.00000000	      0.00000003	     -0.00000000	      0.00000000	      0.00000000	      0.00000000	      0.00000000	     -0.00000000	     -0.00000000	      0.00000000	     -0.00000000	      0.00000003	      0.00000005	      0.00000001	      0.00000001	      0.00000001	      0.00000001	      0.00000000	      0.00000001	      0.00000001	      0.00000001	      0.00000000	      0.00000002	      0.00000001	      0.00000002	      0.00000000	      0.00000002	      0.00000002	      0.00000003	      0.00000001	      0.00000000	      0.00000003	     -0.00000001	      0.00000000	     -0.00000000	      0.00000000	      0.00000001	      0.00000002	    397.06147008	      0.00000002
     74.00000000	     97.17171727	      0.00000001	      0.00000000	      0.00000003	      0.00000000	      0.00000007	      0.00000002	      0.00000001	      0.00000011	      0.00000008	      0.00000000	      0.00000000	      0.00000003	     -0.00000000	      0.00000000	      0.00000000	      0.00000000	      0.00000000	     -0.00000000	     -0.00000000	      0.00000000	     -0.00000000	      0.00000003	      0.00000005	      0.00000001	      0.00000001	      0.00000001	      0.00000001	      0.00000000	      0.00000001	      0.00000001	      0.00000001	      0.00000000	      0.00000002	      0.00000001	      0.00000002	      0.00000000	      0.00000002	      0.00000002	      0.00000003	      0.00000001	      0.00000000	      0.00000003	     -0.00000001	      0.00000000	     -0.00000000	      0.00000000	      0.00000001	      0.00000001	    405.94396934	      0.00000002
     75.00000000	     98.48484859	      0.00000001	      0.00000000	      0.00000003	      0.00000001	      0.00000007	      0.00000002	      0.00000001	      0.00000011	      0.00000008	      0.00000000	      0.00000000	      0.00000003	     -0.00000000	      0.00000000	      0.00000000	      0.00000000	      0.00000000	     -0.00000000	     -0.00000000	      0.00000000	     -0.00000000	      0.00000003	      0.00000005	      0.00000001	      0.00000001	      0.00000001	      0.00000001	      0.00000000	      0.00000001	      0.00000001	      0.00000001	      0.00000000	      0.00000002	      0.00000001	      0.00000002	      0.00000000	      0.00000002	      0.00000002	      0.00000003	      0.00000001	      0.00000000	      0.00000003	     -0.00000001	      0.00000000	     -0.00000000	      0.00000000	      0.00000001	      0.00000001	    414.94588598	      0.00000002
     76.00000000	     99.79797990	      0.00000001	      0.00000000	      0.00000003	      0.00000001	      0.00000008	      0.00000002	      0.00000001	      0.00000011	      0.00000008	      0.00000000	      0.00000000	      0.00000003	     -0.00000000	      0.00000000	      0.00000000	      0.00000000	      0.00000000	     -0.00000000	     -0.00000000	      0.00000000	     -0.00000000	      0.00000003	      0.00000005	      0.00000001	      0.00000001	      0.00000001	      0.00000001	      0.00000000	      0.00000001	      0.00000001	      0.00000001	      0.00000000	      0.00000002	      0.00000001	      0.00000002	      0.00000000	      0.00000002	      0.00000002	      0.00000003	      0.00000001	      0.00000000	      0.00000003	     -0.00000001	      0.00000000	     -0.00000000	      0.00000000	      0.00000001	      0.00000001	    424.06573404	      0.00000002
     77.00000000	    101.11111122	      0.00000001	      0.00000000	      0.00000003	      0.00000001	      0.00000008	      0.00000002	      0.00000001	      0.00000011	      0.00000008	      0.00000000	      0.00000000	      0.00000003	     -0.00000000	      0.00000000	      0.00000000	      0.00000000	      0.00000000	     -0.00000000	     -0.00000000	      0.00000000	     -0.00000000	      0.00000003	      0.00000005	      0.00000001	      0.00000001	      0.00000001	      0.00000001	      0.00000000	      0.00000001	      0.00000001	      0.00000001	      0.00000000	      0.00000002	      0.00000001	      0.00000002	      0.00000000	      0.00000002	      0.00000002	      0.00000003	      0.00000001	      0.00000000	      0.00000003	     -0.00000001	      0.00000000	     -0.00000000	      0.00000000	      0.00000001	      0.00000001	    433.30462493	      0.00000002
     78.00000000	    102.42424253	      0.00000001	      0.00000000	      0.00000003	      0.00000001	      0.00000008	      0.00000002	      0.00000001	      0.00000011	      0.00000008	      0.00000000	      0.00000000	      0.00000003	     -0.00000000	      0.00000000	      0.00000000	      0.00000000	      0.00000000	     -0.00000000	     -0.00000000	      0.00000000	     -0.00000000	      0.00000003	      0.00000005	      0.00000001	      0.00000001	      0.00000001	      0.00000001	      0.00000000	      0.00000001	      0.00000001	      0.00000001	      0.00000000	      0.00000002	      0.00000001	      0.00000002	      0.00000000	      0.00000002	      0.00000002	      0.00000003	      0.00000001	      0.00000000	      0.00000003	     -0.00000001	      0.00000000	     -0.00000000	      0.00000000	      0.00000001	      0.00000001	    442.67324914	      0.00000002
     79.00000000	    103.73737385	      0.00000001	      0.00000000	      0.00000003	      0.00000001	      0.00000008	      0.00000003	      0.00000001	      0.00000011	      0.00000008	      0.00000000	      0.00000000	      0.00000003	     -0.00000000	      0.00000000	      0.00000000	      0.00000000	      0.00000000	     -0.00000000	     -0.00000000	      0.00000000	     -0.00000000	      0.00000003	      0.00000005	      0.00000001	      0.00000001	      0.00000001	      0.00000001	      0.00000000	      0.00000001	      0.00000001	      0.00000001	      0.00000000	      0.00000002	      0.00000001	      0.00000002	      0.00000000	      0.00000002	      0.00000002	      0.00000003	      0.00000001	      0.00000000	      0.00000003	     -0.00000001	      0.00000000	     -0.00000000	      0.00000000	      0.00000001	      0.00000001	    452.18587352	      0.00000002
     80.00000000	    105.05050516	      0.00000001	      0.00000000	      0.00000004	      0.00000001	      0.00000008	      0.00000003	      0.00000001	      0.00000011	      0.00000008	      0.00000000	      0.00000000	      0.00000003	     -0.00000000	      0.00000000	      0.00000000	      0.00000000	      0.00000000	     -0.00000000	     -0.00000000	      0.00000000	     -0.00000000	      0.00000003	      0.00000005	      0.00000001	      0.00000001	      0.00000001	      0.00000001	      0.00000000	      0.00000001	      0.00000001	      0.00000001	      0.00000000	      0.00000002	      0.00000001	      0.00000002	      0.00000000	      0.00000002	      0.00000002	      0.00000003	      0.00000001	      0.00000000	      0.00000003	     -0.00000001	      0.00000000	     -0.00000000	      0.00000000	      0.00000001	      0.00000001	    461.85579402	      0.00000002
     81.00000000	    106.36363648	      0.00000001	      0.00000000	      0.00000004	      0.00000001	      0.00000008	      0.00000003	      0.00000001	      0.00000011	      0.00000008	      0.00000000	      0.00000000	      0.00000003	     -0.00000000	      0.00000000	      0.00000000	      0.00000000	      0.00000000	     -0.00000000	     -0.00000000	      0.00000000	     -0.00000000	      0.00000003	      0.00000005	      0.00000001	      0.00000001	      0.00000001	      0.00000001	      0.00000000	      0.00000001	      0.00000001	      0.00000001	      0.00000000	      0.00000002	      0.00000001	      0.00000002	      0.00000000	      0.00000002	      0.00000002	      0.00000003	      0.00000001	      0.00000000	      0.00000003	     -0.00000001	      0.00000000	     -0.00000000	      0.00000000	      0.00000001	      0.00000001	    471.69591311	      0.00000002
     82.00000000	    107.67676779	      0.00000001	      0.00000000	      0.00000004	      0.00000001	      0.00000009	      0.00000003	      0.00000001	      0.00000011	      0.00000008	      0.00000000	      0.00000000	      0.00000003	     -0.00000000	      0.00000000	      0.00000000	      0.00000000	      0.00000000	     -0.00000000	     -0.00000000	      0.00000000	     -0.00000000	      0.00000003	      0.00000005	      0.00000001	      0.00000001	      0.00000001	      0.00000001	      0.00000000	      0.00000001	      0.00000001	      0.00000001	      0.00000000	      0.00000002	      0.00000001	      0.00000002	      0.00000000	      0.00000002	      0.00000002	      0.00000003	      0.00000001	      0.00000000	      0.00000004	     -0.00000001	      0.00000000	     -0.00000000	      0.00000000	      0.00000001	      0.00000001	    481.71847450	      0.00000002
     83.00000000	    108.98989911	      0.00000001	      0.00000000	      0.00000004	      0.00000001	      0.00000009	      0.00000003	      0.00000001	      0.00000011	      0.00000008	      0.00000000	      0.00000000	      0.00000003	     -0.00000000	      0.00000000	      0.00000000	      0.00000000	      0.00000000	     -0.00000000	     -0.00000000	      0.00000000	     -0.00000000	      0.00000003	      0.00000005	      0.00000001	      0.00000001	      0.00000001	      0.00000001	      0.00000000	      0.00000001	      0.00000001	      0.00000001	      0.00000000	      0.00000002	      0.00000001	      0.00000002	      0.00000000	      0.00000002	      0.00000002	      0.00000003	      0.00000001	      0.00000000	      0.00000004	     -0.00000001	      0.00000000	     -0.00000000	      0.00000000	      0.00000001	      0.00000001	    491.93553025	      0.00000002
     84.00000000	    110.30303042	      0.00000001	      0.00000000	      0.00000004	      0.00000001	      0.00000009	      0.00000003	      0.00000001	      0.00000011	      0.00000008	      0.00000000	      0.00000000	      0.00000003	     -0.00000000	      0.00000000	      0.00000000	      0.00000000	      0.00000000	     -0.00000000	     -0.00000000	      0.00000000	     -0.00000000	      0.00000003	      0.00000005	      0.00000001	      0.00000001	      0.00000001	      0.00000001	      0.00000000	      0.00000001	      0.00000001	      0.00000001	      0.00000000	      0.00000002	      0.00000001	      0.00000002	      0.00000000	      0.00000002	      0.00000002	      0.00000003	      0.00000001	      0.00000000	      0.00000004	     -0.00000001	      0.00000000	     -0.00000000	      0.00000000	      0.00000001	      0.00000001	    502.35752653	      0.00000002
     85.00000000	    111.61616173	      0.00000001	      0.00000000	      0.00000004	      0.00000001	      0.00000009	      0.00000003	      0.00000001	      0.00000011	      0.00000008	      0.00000000	      0.00000000	      0.00000003	     -0.00000000	      0.00000000	      0.00000000	      0.00000000	      0.00000000	     -0.00000000	     -0.00000000	      0.00000000	     -0.00000000	      0.00000004	      0.00000005	      0.00000001	      0.00000001	      0.00000001	      0.00000001	      0.00000000	      0.00000001	      0.00000001	      0.00000001	      0.00000000	      0.00000002	      0.00000001	      0.00000002	      0.00000000	      0.00000002	      0.00000002	      0.00000003	      0.00000001	      0.00000000	      0.00000004	     -0.00000001	      0.00000000	     -0.00000000	      0.00000000	      0.00000001	      0.00000001	    512.99521614	      0.00000001
     86.00000000	    112.92929305	      0.00000000	      0.00000000	      0.00000004	      0.00000001	      0.00000009	      0.00000003	      0.00000001	      0.00000011	      0.00000008	      0.00000000	      0.00000000	      0.00000003	     -0.00000000	      0.00000000	      0.00000000	      0.00000000	      0.00000000	     -0.00000000	     -0.00000000	      0.00000000	     -0.00000000	      0.00000004	      0.00000006	      0.00000001	      0.00000001	      0.00000001	      0.00000001	      0.00000000	      0.00000001	      0.00000001	      0.00000002	      0.00000000	      0.00000002	      0.00000001	      0.00000002	      0.00000000	      0.00000002	      0.00000002	      0.00000003	      0.00000001	      0.00000000	      0.00000004	     -0.00000001	      0.00000000	     -0.00000000	      0.00000000	      0.00000001	      0.00000001	    523.85842114	      0.00000001
     87.00000000	    114.24242436	      0.00000000	      0.00000000	      0.00000004	      0.00000001	      0.00000009	      0.00000003	      0.00000001	      0.00000011	      0.00000008	      0.00000000	      0.00000000	      0.00000003	     -0.00000000	      0.00000000	      0.00000000	      0.00000000	      0.00000000	     -0.00000000	     -0.00000000	      0.00000000	     -0.00000000	      0.00000004	      0.00000006	      0.00000001	      0.00000001	      0.00000001	      0.00000001	      0.00000000	      0.00000001	      0.00000001	      0.00000002	      0.00000000	      0.00000002	      0.00000001	      0.00000002	      0.00000000	      0.00000002	      0.00000002	      0.00000003	      0.00000001	      0.00000000	      0.00000004	     -0.00000001	      0.00000000	     -0.00000000	      0.00000000	      0.00000001	      0.00000001	    534.95632391	      0.00000001
     88.00000000	    115.55555568	      0.00000000	      0.00000000	      0.00000004	      0.00000001	      0.00000010	      0.00000003	      0.00000001	      0.00000011	      0.00000008	      0.00000000	      0.00000000	      0.00000003	     -0.00000000	      0.00000000	      0.00000000	      0.00000000	      0.00000000	     -0.00000000	     -0.00000000	      0.00000000	     -0.00000000	      0.00000004	      0.00000006	      0.00000001	      0.00000001	      0.00000001	      0.00000001	      0.00000000	      0.00000001	      0.00000001	      0.00000002	      0.00000000	      0.00000002	      0.00000001	      0.00000002	      0.00000000	      0.00000002	      0.00000002	      0.00000003	      0.00000001	      0.00000000	      0.00000004	     -0.00000001	      0.00000000	     -0.00000000	      0.00000000	      0.00000001	      0.00000001	    546.29768317	      0.00000001
     89.00000000	    116.86868699	      0.00000000	      0.00000000	      0.00000005	      0.00000001	      0.00000010	      0.00000003	      0.00000001	      0.00000011	      0.00000008	      0.00000000	      0.00000000	      0.00000003	     -0.00000000	      0.00000000	      0.00000000	      0.00000000	      0.00000000	     -0.00000000	     -0.00000000	      0.00000000	     -0.00000000	      0.00000004	      0.00000006	      0.00000001	      0.00000001	      0.00000001	      0.00000001	      0.00000000	      0.00000001	      0.00000001	      0.00000002	      0.00000000	      0.00000002	      0.00000001	      0.00000002	      0.00000000	      0.00000002	      0.00000002	      0.00000003	      0.00000001	      0.00000000	      0.00000004	     -0.00000001	      0.00000000	     -0.00000000	      0.00000000	      0.00000001	      0.00000000	    557.88995080	      0.00000001
     90.00000000	    118.18181831	      0.00000000	      0.00000000	      0.00000005	      0.00000001	      0.00000010	      0.00000003	      0.00000001	      0.00000011	      0.00000008	      0.00000000	      0.00000000	      0.00000004	     -0.00000000	      0.00000000	      0.00000000	      0.00000000	      0.00000000	     -0.00000000	     -0.00000000	      0.00000000	     -0.00000000	      0.00000004	      0.00000006	      0.00000001	      0.00000001	      0.00000001	      0.00000001	      0.00000000	      0.00000001	      0.00000001	      0.00000002	      0.00000000	      0.00000002	      0.00000001	      0.00000002	      0.00000000	      0.00000002	      0.00000002	      0.00000003	      0.00000001	      0.00000000	      0.00000004	     -0.00000001	      0.00000000	     -0.00000000	      0.00000000	      0.00000001	      0.00000000	    569.74059942	      0.00000001
     91.00000000	    119.49494962	      0.00000000	      0.00000000	      0.00000005	      0.00000001	      0.00000010	      0.00000003	      0.00000001	      0.00000011	      0.00000008	      0.00000000	      0.00000000	      0.00000004	     -0.00000000	      0.00000000	      0.00000000	      0.00000000	      0.00000000	     -0.00000000	     -0.00000000	      0.00000000	     -0.00000000	      0.00000004	      0.00000006	      0.00000001	      0.00000001	      0.00000001	      0.00000001	      0.00000000	      0.00000001	      0.00000001	      0.00000002	      0.00000000	      0.00000002	      0.00000001	      0.00000002	      0.00000000	      0.00000002	      0.00000002	      0.00000003	      0.00000001	      0.00000000	      0.00000004	     -0.00000001	      0.00000000	     -0.00000000	      0.00000000	      0.00000001	      0.00000000	    581.85664414	      0.00000001
     92.00000000	    120.80808094	      0.00000000	      0.00000000	      0.00000005	      0.00000002	      0.00000010	      0.00000003	      0.00000001	      0.00000011	      0.00000008	      0.00000000	      0.00000000	      0.00000004	     -0.00000000	      0.00000000	      0.00000000	      0.00000000	      0.00000000	     -0.00000000	     -0.00000000	      0.00000000	     -0.00000000	      0.00000004	      0.00000006	      0.00000001	      0.00000001	      0.00000001	      0.00000001	      0.00000000	      0.00000001	      0.00000001	      0.00000002	      0.00000000	      0.00000002	      0.00000001	      0.00000002	      0.00000000	      0.00000002	      0.00000002	      0.00000003	      0.00000001	      0.00000000	      0.00000004	     -0.00000001	      0.00000000	     -0.00000000	      0.00000000	      0.00000001	      0.00000000	    594.24325546	      0.00000001
     93.00000000	    122.12121225	     -0.00000000	      0.00000000	      0.00000005	      0.00000002	      0.00000010	      0.00000004	      0.00000001	      0.00000011	      0.00000008	      0.00000000	      0.00000000	      0.00000004	     -0.00000000	      0.00000000	      0.00000000	      0.00000000	      0.00000000	     -0.00000000	     -0.00000000	      0.00000000	     -0.00000000	      0.00000004	      0.00000006	      0.00000001	      0.00000001	      0.00000001	      0.00000001	      0.00000000	      0.00000001	      0.00000001	      0.00000002	      0.00000000	      0.00000002	      0.00000001	      0.00000002	      0.00000000	      0.00000002	      0.00000002	      0.00000003	      0.00000001	      0.00000000	      0.00000004	     -0.00000001	      0.00000000	     -0.00000000	      0.00000000	      0.00000001	      0.00000000	    606.90628828	      0.00000001
     94.00000000	    123.43434357	     -0.00000000	      0.00000000	      0.00000005	      0.00000002	      0.00000011	      0.00000004	      0.00000001	      0.00000011	      0.00000008	      0.00000000	      0.00000000	      0.00000004	     -0.00000000	      0.00000000	      0.00000000	      0.00000000	      0.00000000	     -0.00000000	     -0.00000000	      0.00000000	     -0.00000000	      0.00000004	      0.00000006	      0.00000001	      0.00000001	      0.00000001	      0.00000001	      0.00000000	      0.00000001	      0.00000001	      0.00000002	      0.00000000	      0.00000002	      0.00000001	      0.00000002	      0.00000000	      0.00000002	      0.00000002	      0.00000003	      0.00000001	      0.00000000	      0.00000004	     -0.00000001	      0.00000000	     -0.00000000	      0.00000000	      0.00000001	      0.00000000	    619.85013539	      0.00000001
     95.00000000	    124.74747488	     -0.00000000	      0.00000000	      0.00000005	      0.00000002	      0.00000011	      0.00000004	      0.00000001	      0.00000011	      0.00000008	      0.00000000	      0.00000000	      0.00000004	     -0.00000000	      0.00000000	      0.00000000	      0.00000000	      0.00000000	     -0.00000000	     -0.00000000	      0.00000000	     -0.00000000	      0.00000004	      0.00000006	      0.00000001	      0.00000001	      0.00000001	      0.00000001	      0.00000000	      0.00000001	      0.00000001	      0.00000002	      0.00000000	      0.00000002	      0.00000001	      0.00000002	      0.00000000	      0.00000002	      0.00000002	      0.00000003	      0.00000001	      0.00000000	      0.00000005	     -0.00000001	      0.00000000	     -0.00000000	      0.00000000	      0.00000001	      0.00000000	    633.07980446	      0.00000001
     96.00000000	    126.06060619	     -0.00000000	      0.00000000	      0.00000005	      0.00000002	      0.00000011	      0.00000004	      0.00000001	      0.00000011	      0.00000008	      0.00000000	      0.00000000	      0.00000004	     -0.00000000	      0.00000000	      0.00000000	      0.00000000	      0.00000000	     -0.00000000	     -0.00000000	      0.00000000	     -0.00000000	      0.00000004	      0.00000006	      0.00000001	      0.00000001	      0.00000001	      0.00000001	      0.00000000	      0.00000001	      0.00000001	      0.00000002	      0.00000000	      0.00000002	      0.00000001	      0.00000002	      0.00000000	      0.00000002	      0.00000002	      0.00000003	      0.00000001	      0.00000000	      0.00000005	     -0.00000001	      0.00000000	     -0.00000000	      0.00000000	      0.00000001	      0.00000000	    646.59781985	      0.00000001
     97.00000000	    127.37373751	      0.00000000	      0.00000000	      0.00000005	      0.00000002	      0.00000011	      0.00000004	      0.00000001	      0.00000011	      0.00000008	      0.00000000	      0.00000000	      0.00000004	     -0.00000000	      0.00000000	      0.00000000	      0.00000000	      0.00000000	     -0.00000000	     -0.00000000	      0.00000000	     -0.00000000	      0.00000004	      0.00000006	      0.00000001	      0.00000001	      0.00000001	      0.00000001	      0.00000000	      0.00000001	      0.00000001	      0.00000002	      0.00000000	      0.00000002	      0.00000001	      0.00000002	      0.00000000	      0.00000002	      0.00000002	      0.00000003	      0.00000001	      0.00000000	      0.00000005	     -0.00000001	      0.00000000	     -0.00000000	      0.00000000	      0.00000001	     -0.00000000	    660.40760013	      0.00000001
     98.00000000	    128.68686882	      0.00000000	      0.00000000	      0.00000005	      0.00000002	      0.00000011	      0.00000004	      0.00000001	      0.00000011	      0.00000008	      0.00000000	      0.00000000	      0.00000004	     -0.00000000	      0.00000000	      0.00000000	      0.00000000	      0.00000000	     -0.00000000	     -0.00000000	      0.00000000	     -0.00000000	      0.00000004	      0.00000006	      0.00000001	      0.00000001	      0.00000001	      0.00000001	      0.00000000	      0.00000001	      0.00000001	      0.00000002	      0.00000000	      0.00000002	      0.00000001	      0.00000002	      0.00000000	      0.00000002	      0.00000002	      0.00000003	      0.00000001	      0.00000000	      0.00000005	     -0.00000001	      0.00000000	     -0.00000000	      0.00000000	      0.00000001	     -0.00000000	    674.51158003	      0.00000001
     99.00000000	    130.00000014	      0.00000000	      0.00000000	      0.00000005	      0.00000002	      0.00000011	      0.00000004	      0.00000001	      0.00000011	      0.00000008	      0.00000000	      0.00000000	      0.00000004	     -0.00000000	      0.00000000	      0.00000000	      0.00000000	      0.00000000	     -0.00000000	     -0.00000000	      0.00000000	     -0.00000000	      0.00000004	      0.00000006	      0.00000001	      0.00000001	      0.00000001	      0.00000001	      0.00000000	      0.00000001	      0.00000001	      0.00000002	      0.00000000	      0.00000002	      0.00000001	      0.00000002	      0.00000000	      0.00000002	      0.00000002	      0.00000003	      0.00000001	      0.00000000	      0.00000005	     -0.00000001	      0.00000000	     -0.00000000	      0.00000000	      0.00000001	     -0.00000000	    688.91165843	      0.00000001
